carné,nota
199910871,10
200722241,12
200915965,11
201210074,11
201220014,11
201310142,11
201321758,0
201330970,13
201340439,8
201407942,10
201475512,0
201407962,8
201408203,11
201411974,10
201413604,10
201413685,6
201502802,11
201502816,10
201502824,13
201502826,11
201502840,13
201502842,12
201502852,9
201502862,13
201502866,8
201502872,11
201502878,11
201502882,11
201502884,10
201502904,0
201502908,11
201502920,0
201502934,13
201502936,7
201502954,11
201502976,11
201502990,9
201503008,13
201503044,10
201503072,9
201503078,11
201503098,12
201503120,11
201503146,8
201503184,11
201503209,13
201503236,10
201503250,11
201503294,11
201503324,10
201503334,0
201503348,9
201513275,12
201513276,11
201513331,12
201513341,13
201513411,10
201513418,11
201513467,11
201513468,11
201513483,11
201513487,13
201513551,14
201513561,9
201516851,7
201516923,12
201580036,12
201580037,10
201503271,8
201380037,5
201400664,8
201318290,11
201408142,13
201408184,8
201407939,0
201407989,0
201413639,9
201318550,9
201415299,6
201503051,11
201400524,8
201502979,8
201407994,10
201321823,7
201502975,9
201400465,11
201502895,11
201501353,14
200611665,11
201211987,8
201310625,7
201318155,6
201318182,6
201618210,0
201318294,6
201318494,5
201321738,8
201321744,7
201321755,5
201345055,9
201400525,7
201400549,8
201400711,9
201400686,0
201400787,7
201407974,9
201407992,9
201408320,6
201415512,7
201502799,10
201502800,7
201502807,7
201502813,9
201502831,9
201502869,11
201502877,11
201502885,8
201502887,8
201502891,8
201502907,12
201502915,11
201502927,10
201502931,8
201502993,12
201503001,6
201503005,11
201503007,11
201503033,12
201503040,8
201503041,13
201503043,10
201503073,10
201503080,8
201503095,9
201503099,7
201503245,6
201503251,8
201503263,10
201503265,8
201503267,7
201503293,6
201503339,5
201503359,6
201513211,5
201513228,11
201513238,9
201513240,7
201513241,8
201513247,8
201513248,9
201513286,8
201513315,7
201513338,8
201513372,7
201513376,0
201516986,5
201580020,8
