carné,nota
199910871,8
200722241,10
200915965,9
201210074,7
201220014,12
201310142,8
201321758,0
201330970,9
201340439,9
201407942,8
201475512,0
201407962,8
201408203,5
201411974,8
201413604,10
201413685,0
201502802,12
201502816,10
201502824,12
201502826,8
201502840,8
201502842,12
201502852,9
201502862,9
201502866,10
201502872,8
201502878,9
201502882,9
201502884,10
201502904,0
201502908,8
201502920,0
201502934,8
201502936,9
201502954,8
201502976,9
201502990,9
201503008,12
201503044,9
201503072,8
201503078,8
201503098,9
201503120,9
201503146,8
201503184,8
201503209,10
201503236,10
201503250,10
201503294,10
201503324,9
201503334,0
201503348,9
201513275,7
201513276,8
201513331,10
201513341,9
201513411,7
201513418,8
201513467,0
201513468,9
201513483,9
201513487,8
201513551,7
201513561,8
201516851,9
201516923,10
201580036,10
201580037,10
201503271,9
201380037,0
201400664,6
201318290,6
201408142,9
201408184,7
201407939,0
201407989,0
201413639,9
201318550,5
201415299,9
201503051,7
201400524,6
201502979,7
201407994,5
201321823,5
201502975,7
201400465,9
201502895,7
201501353,7
200611665,10
201211987,9
201310625,12
201318155,8
201318182,8
201618210,0
201318294,8
201318494,8
201321738,7
201321744,7
201321755,8
201345055,9
201400525,8
201400549,8
201400711,9
201400686,0
201400787,0
201407974,8
201407992,7
201408320,7
201415512,7
201502799,7
201502800,9
201502807,9
201502813,12
201502831,7
201502869,7
201502877,7
201502885,12
201502887,7
201502891,7
201502907,7
201502915,7
201502927,7
201502931,7
201502993,10
201503001,8
201503005,10
201503007,10
201503033,7
201503040,7
201503041,7
201503043,10
201503073,7
201503080,7
201503095,8
201503099,7
201503245,6
201503251,3
201503263,6
201503265,6
201503267,10
201503293,12
201503339,9
201503359,6
201513211,5
201513228,10
201513238,8
201513240,5
201513241,5
201513247,9
201513248,7
201513286,12
201513315,9
201513338,9
201513372,12
201513376,0
201516986,6
201580020,12
