carné,nota
199910871,11
200722241,11
200915965,10
201210074,11
201220014,10
201310142,9
201321758,0
201330970,10
201340439,10
201407942,11
201475512,0
201407962,8
201408203,10
201411974,9
201413604,10
201413685,10
201502802,10
201502816,11
201502824,10
201502826,9
201502840,9
201502842,10
201502852,10
201502862,10
201502866,11
201502872,11
201502878,10
201502882,10
201502884,11
201502904,0
201502908,9
201502920,0
201502934,11
201502936,10
201502954,11
201502976,10
201502990,10
201503008,10
201503044,10
201503072,11
201503078,11
201503098,10
201503120,10
201503146,9
201503184,11
201503209,11
201503236,11
201503250,11
201503294,11
201503324,10
201503334,0
201503348,10
201513275,11
201513276,11
201513331,10
201513341,10
201513411,11
201513418,9
201513467,0
201513468,10
201513483,9
201513487,9
201513551,11
201513561,9
201516851,0
201516923,11
201580036,11
201580037,11
201503271,10
201380037,10
201400664,10
201318290,10
201408142,10
201408184,10
201407939,8
201407989,0
201413639,9
201318550,10
201415299,10
201503051,9
201400524,10
201502979,9
201407994,10
201321823,10
201502975,9
201400465,10
201502895,9
201501353,9
200611665,11
201211987,10
201310625,12
201318155,10
201318182,9
201618210,0
201318294,9
201318494,10
201321738,10
201321744,10
201321755,9
201345055,9
201400525,8
201400549,10
201400711,9
201400686,0
201400787,10
201407974,10
201407992,8
201408320,10
201415512,8
201502799,10
201502800,10
201502807,10
201502813,12
201502831,9
201502869,10
201502877,9
201502885,9
201502887,9
201502891,9
201502907,10
201502915,9
201502927,9
201502931,9
201502993,11
201503001,8
201503005,11
201503007,11
201503033,10
201503040,10
201503041,10
201503043,11
201503073,9
201503080,9
201503095,8
201503099,9
201503245,11
201503251,11
201503263,11
201503265,11
201503267,11
201503293,12
201503339,10
201503359,10
201513211,10
201513228,11
201513238,8
201513240,10
201513241,10
201513247,10
201513248,9
201513286,11
201513315,10
201513338,9
201513372,11
201513376,0
201516986,11
201580020,11
