carné,nota
199910871,8
200722241,10
200915965,7
201210074,11
201220014,7
201310142,13
201321758,0
201330970,7
201340439,7
201407942,8
201475512,0
201407962,11
201408203,6
201411974,12
201413604,7
201413685,5
201502802,10
201502816,13
201502824,12
201502826,11
201502840,11
201502842,12
201502852,8
201502862,9
201502866,5
201502872,7
201502878,4
201502882,12
201502884,10
201502904,0
201502908,11
201502920,0
201502934,10
201502936,9
201502954,8
201502976,11
201502990,9
201503008,11
201503044,13
201503072,6
201503078,11
201503098,14
201503120,11
201503146,12
201503184,9
201503209,11
201503236,8
201503250,10
201503294,9
201503324,12
201503334,0
201503348,7
201513275,10
201513276,8
201513331,12
201513341,9
201513411,8
201513418,9
201513467,0
201513468,7
201513483,7
201513487,12
201513551,10
201513561,9
201516851,7
201516923,14
201580036,9
201580037,11
201503271,8
201380037,9
201400664,9
201318290,4
201408142,6
201408184,11
201407939,0
201407989,7
201413639,9
201318550,9
201415299,7
201503051,13
201400524,9
201502979,9
201407994,7
201321823,7
201502975,5
201400465,10
201502895,5
201501353,7
200611665,13
201211987,11
201310625,10
201318155,6
201318182,11
201618210,0
201318294,8
201318494,6
201321738,12
201321744,6
201321755,8
201345055,10
201400525,11
201400549,6
201400711,9
201400686,0
201400787,7
201407974,9
201407992,9
201408320,8
201415512,7
201502799,14
201502800,11
201502807,11
201502813,11
201502831,11
201502869,11
201502877,11
201502885,8
201502887,11
201502891,10
201502907,12
201502915,9
201502927,11
201502931,10
201502993,12
201503001,12
201503005,12
201503007,14
201503033,11
201503040,11
201503041,13
201503043,12
201503073,12
201503080,11
201503095,11
201503099,8
201503245,11
201503251,11
201503263,14
201503265,11
201503267,11
201503293,9
201503339,11
201503359,10
201513211,9
201513228,11
201513238,4
201513240,7
201513241,11
201513247,5
201513248,9
201513286,9
201513315,11
201513338,11
201513372,8
201513376,11
201516986,5
201580020,12
