carné,nota
199910871,11
200722241,9
200915965,6
201210074,11
201220014,7
201310142,11
201321758,0
201330970,10
201340439,8
201407942,9
201475512,0
201407962,10
201408203,9
201411974,9
201413604,6
201413685,0
201502802,7
201502816,10
201502824,11
201502826,9
201502840,10
201502842,8
201502852,8
201502862,11
201502866,12
201502872,8
201502878,7
201502882,7
201502884,9
201502904,0
201502908,9
201502920,0
201502934,7
201502936,10
201502954,10
201502976,10
201502990,10
201503008,12
201503044,11
201503072,10
201503078,10
201503098,10
201503120,11
201503146,10
201503184,9
201503209,10
201503236,10
201503250,10
201503294,10
201503324,10
201503334,0
201503348,7
201513275,9
201513276,10
201513331,10
201513341,9
201513411,11
201513418,10
201513467,0
201513468,9
201513483,9
201513487,9
201513551,11
201513561,9
201516851,6
201516923,10
201580036,9
201580037,9
201503271,6
201380037,0
201400664,3
201318290,9
201408142,9
201408184,10
201407939,0
201407989,0
201413639,9
201318550,7
201415299,6
201503051,10
201400524,7
201502979,11
201407994,9
201321823,6
201502975,8
201400465,9
201502895,8
201501353,11
200611665,11
201211987,10
201310625,10
201318155,0
201318182,9
201618210,0
201318294,6
201318494,10
201321738,10
201321744,9
201321755,9
201345055,10
201400525,10
201400549,9
201400711,10
201400686,0
201400787,0
201407974,0
201407992,10
201408320,4
201415512,9
201502799,12
201502800,10
201502807,10
201502813,11
201502831,11
201502869,11
201502877,12
201502885,11
201502887,9
201502891,10
201502907,11
201502915,11
201502927,10
201502931,9
201502993,11
201503001,11
201503005,11
201503007,11
201503033,10
201503040,11
201503041,11
201503043,11
201503073,10
201503080,6
201503095,11
201503099,10
201503245,6
201503251,9
201503263,11
201503265,10
201503267,11
201503293,9
201503339,11
201503359,5
201513211,10
201513228,11
201513238,11
201513240,10
201513241,10
201513247,10
201513248,9
201513286,10
201513315,10
201513338,10
201513372,0
201513376,0
201516986,10
201580020,6
