Carnet,nota
200715743,4.1
201110486,4.08
201112148,9.09
201115035,14.06
201220092,10.13
201310641,4.05
201318297,8.12
201322543,0.08
201400465,7.04
201404042,8.09
201407565,6.13
201407948,9.07
201408060,13.09
201408139,4.01
201408747,8.11
201413680,6.13
201415299,8.02
201431578,10.01
201502852,11.04
201502885,2.12
201502895,3.05
201503071,12.04
201503087,0.14
201503175,1.08
201503245,7.11
201503323,11.04
201503334,9.02
201503359,5.12
201513211,3.12
201513241,8.12
201513341,0.03
201513358,2.03
201513372,1.13
201513420,6.05
201513804,12.08
201517011,13.05
201603309,3.08
201603318,11.07
201603320,5.08
201603327,7.07
201603330,8.08
201603371,7.08
201603373,0.13
201603374,6.07
201603375,6.01
201603378,3.04
201603384,7.07
201603417,3.01
201603418,11.11
201603419,6.05
201603437,6.08
201603438,6.11
201603441,14.06
201603450,4.09
201603472,6.13
201603480,4.12
201603483,0.14
201603489,10.05
201603490,9.02
201603493,0
201603506,10.13
201603509,9.07
201603510,10.01
201603531,11.09
201603532,2.02
201610725,6.07
201610816,4.05
201610971,8.07
201610984,0.05
201611085,12
201611217,8.11
201616798,2.01
201616799,0.04
201616801,7.03
201616802,2.09
201680025,1
201680043,0.02
201680044,5.12
200810395,2.07
201018868,14.06
201119372,2.14
201119731,10.13
201230073,3.05
201404665,1.11
201407929,7.13
201407958,2.06
201407974,2.06
201413685,3.11
201430945,8.1
201502837,8.04
201502866,10.02
201502920,3.1
201503072,14.11
201512721,13.05
201513238,4.02
201513467,9.02
201515481,1.11
201603511,13.08
201603513,1.03
201603517,7.04
201603523,0.07
201603524,10.09
201603543,11.13
201603545,9.04
201603548,6.09
201603555,14.14
201603568,11.13
201603570,6.1
201603574,11.12
201603578,9.08
201603589,0.11
201603591,2.04
201603610,2.08
201603613,8.11
201603635,2.03
201603637,2.14
201603685,2.02
201603713,12.03
201603717,12.05
201603720,13.07
201603727,0.1
201603738,6.13
201603750,14.07
201603791,0.07
201603814,10.09
201603819,11.13
201610840,9.04
201610852,6.09
201610853,14.14
201610855,11.13
201610883,6.1
201610903,11.12
201610904,9.08
201610933,0.11
201611025,2.04
201611248,2.08
201611263,8.11
201616839,2.03
201616869,2.14
201616983,2.02
201616993,12.03
201617082,12.05
