200717835,10.58
200910790,11.12
200942698,8
201013480,8.45
201013517,7.12
201021759,7.75
201110186,6.83
201112052,8.5
201112330,9.5
201119229,9.25
201210405,9.25
201210540,8.12
201210629,11.25
201210639,9.41
201210711,8.25
201210764,6.37
201210858,6.75
201210909,11.87
201214921,10.25
201310538,7.75
201310569,10.87
201310599,8
201310629,12.25
201310640,10
201310644,8.25
201310674,10.75
201310691,6.75
201310706,9.75
201310709,8.25
201310715,6.75
201315397,11.5
201318161,5.88
201318166,9.25
201318180,6.75
201318186,0
201318281,7.75
201318322,7.12
201318467,8.25
201321733,6.25
201321741,11.25
201321746,5.25
201321747,7
201321804,9.25
201322103,11.5
201400364,11.5
201400366,9.75
201400373,9.75
201400383,9.5
201400384,9.87
201400385,12.25
201400389,11.5
201400397,8
201400435,12.33
201400438,8.12
201400440,8.25
201400441,4.5
201400449,10.25
201400458,10.87
201400463,10.22
201400468,13.75
201400470,12.25
201400497,12.45
201400499,10
201400508,9.5
201400523,11.5
201400528,12.5
201400535,11
201400537,10.5
201400541,7.75
201400552,8.75
201400557,11.25
201400562,8.83
201400580,12.62
201400584,12.12
201400606,9
201400634,9.37
201400651,9.12
201400654,13.5
201400661,12.37
201400673,9.5
201400680,9.66
201400683,9.83
201400685,9.5
201400691,11.41
201400708,12
201400756,9.45
201400785,11
201400788,7.5
201407914,8.25
201407943,6.5
201407955,9.75
201407959,8.62
201407970,7
201407984,10
201407988,9.5
201408038,10
201413001,9
201413715,7
