200717835,19
200910790,16
200942698,15
201013480,18
201013517,18
201021759,19
201110186,18
201112052,17
201112330,18
201119229,17
201210405,17
201210540,18
201210629,19
201210639,18
201210711,15
201210764,18
201210858,15
201210909,13
201214921,20
201310538,18
201310569,19
201310599,20
201310629,20
201310640,19
201310644,13
201310674,16
201310691,16
201310706,17
201310709,19
201310715,17
201315397,16
201318161,13
201318166,19
201318180,20
201318281,19
201318322,16
201318467,19
201321733,19
201321741,17
201321746,19
201321747,19
201321804,20
201322103,16
201400364,17
201400366,17
201400373,19
201400383,16
201400384,19
201400385,19
201400389,18
201400397,19
201400435,19
201400438,19
201400440,17
201400441,19
201400449,19
201400458,16
201400463,19
201400468,18
201400470,18
201400497,19
201400499,19
201400508,18
201400523,19
201400528,18
201400535,19
201400537,19
201400541,18
201400552,18
201400557,16
201400562,20
201400580,18
201400584,20
201400606,19
201400634,19
201400651,18
201400654,20
201400661,19
201400673,20
201400680,19
201400683,19
201400685,19
201400691,19
201400708,19
201400756,19
201400785,19
201400788,16
201407914,19
201407943,20
201407955,19
201407959,19
201407970,18
201407984,19
201407988,17
201408038,19
201413001,19
201413715,18
