199910871;25
200680047;22
200722421;25
200916276;25
201025011;4
201117060;25
201210074;25
201220014;25
201220325;25
201220380;20
201310142;0
201310529;15
201310602;25
201310645;20
201310710;25
201315049;25
201318183;20
201318186;20
201318227;25
201318304;20
201321726;20
201321738;25
201321745;25
201321802;25
201322312;25
201330970;25
201345055;25
201400370;25
201400427;25
201400434;25
201400459;25
201400460;25
201400485;25
201400525;25
201400600;25
201400700;25
201400715;20
201407923;20
201407927;25
201407941;25
201407942;20
201407980;25
201407992;20
201408040;20
201408058;20
201408066;25
201408087;25
201408184;25
201408248;25
201411974;25
201480044;25
201502799;25
201502800;25
201502802;25
201502807;25
201502816;25
201502824;25
201502826;21
201502840;21
201502842;21
201502862;25
201502869;25
201502877;25
201502878;21
201502882;21
201502884;21
201502891;20
201502907;20
201502908;25
201502915;20
201502927;20
201502931;20
201502934;25
201502936;20
201502954;25
201502976;25
201502979;25
201502990;25
201502993;25
201503001;25
201503005;25
201503007;25
201503033;25
201503040;25
201503041;25
201503043;25
201503044;25
201503051;25
201503073;25
201503078;25
201503080;25
201503095;25
201503098;25
201503099;25
201503146;25
201503184;21
201503209;20
201503236;25
201503250;25
201503263;25
201503265;25
201503267;25
201503293;25
201503294;25
201503324;25
201503339;25
201513228;25
201513247;25
201513248;25
201513275;25
201513276;25
201513286;25
201513315;25
201513331;25
201513338;25
201513411;25
201513487;25
201513551;25
201513561;25
201516923;25
201580020;25
201580036;25
201580037;25
