200717835,13
200910790,12
200942698,7
201013480,7
201013517,9
201021759,9
201110186,8
201112052,6
201112330,14
201119229,12
201210405,10
201210540,10
201210629,10
201210639,11
201210711,7
201210764,10
201210858,5
201210909,7
201214921,11
201310538,9
201310569,10
201310599,11
201310629,10
201310640,9
201310644,9
201310674,12
201310691,7
201310706,8
201310709,8
201310715,7
201315397,11
201318161,9
201318166,11
201318180,10
201318186,0
201318281,12
201318322,5
201318467,10
201321733,9
201321741,11
201321746,8
201321747,10
201321804,9
201322103,10
201400364,12
201400366,11
201400373,12
201400383,11
201400384,11
201400385,13
201400389,12
201400397,8
201400435,12
201400438,6
201400440,7
201400441,9
201400449,8
201400458,9
201400463,10
201400468,14
201400470,13
201400497,11
201400499,11
201400508,9
201400523,6
201400528,9
201400535,11
201400537,11
201400541,11
201400552,14
201400557,14
201400562,9
201400580,13
201400584,12
201400606,11
201400634,10
201400651,8
201400654,13
201400661,12
201400673,11
201400680,11
201400683,10
201400685,8
201400691,11
201400708,13
201400756,11
201400785,12
201400788,12
201407914,9
201407943,10
201407955,13
201407959,10
201407970,9
201407984,9
201407988,10
201408038,10
201413001,7
201413715,8
