200717835,15
200910790,16
200942698,18
201013480,17
201013517,17
201021759,18
201110186,18
201112052,16
201112330,19
201119229,17
201210405,16
201210540,17
201210629,14
201210639,18
201210711,19
201210764,17
201210858,18
201210909,8
201214921,18
201310538,18
201310569,14
201310599,18
201310629,18
201310640,14
201310644,14
201310674,16
201310691,16
201310706,16
201310709,14
201310715,16
201315397,15
201318161,13
201318166,15
201318180,18
201318281,14
201318322,16
201318467,19
201321733,16
201321741,16
201321746,16
201321747,16
201321804,18
201322103,15
201400364,17
201400366,17
201400373,15
201400383,15
201400384,19
201400385,19
201400389,18
201400397,14
201400435,17
201400438,14
201400440,17
201400441,16
201400449,19
201400458,15
201400463,19
201400468,17
201400470,18
201400497,19
201400499,14
201400508,18
201400523,19
201400528,19
201400535,19
201400537,17
201400541,18
201400552,18
201400557,15
201400562,15
201400580,19
201400584,15
201400606,15
201400634,19
201400651,18
201400654,15
201400661,17
201400673,15
201400680,19
201400683,19
201400685,19
201400691,19
201400708,19
201400756,19
201400785,15
201400788,16
201407914,14
201407943,15
201407955,14
201407959,17
201407970,18
201407984,17
201407988,17
201408038,19
201413001,16
201413715,19
