199910871;12.5
200680047;0
201025011;0
201220014;8.75
201220380;9
201310142;0
201310529;0
201310645;11.12
201318183;4.12
201318186;7
201318304;10.5
201321726;5
201321738;8.87
201321802;10.12
201322312;4.62
201330970;8.75
201345055;5.25
201400370;5.5
201400434;10.75
201400459;10
201400460;9
201400485;9
201400600;9.62
201400700;10.25
201400715;10
201407923;6.37
201407942;12
201407992;6.37
201408040;8.87
201408058;6.25
201408066;10
201408087;10
201408184;7.25
201411974;11
201480044;6
201502800;10.37
201502826;7.5
201502840;11
201502842;12.5
201502878;5
201502882;10.5
201502884;9
201502908;10.62
201502934;10.5
201502954;12.5
201502976;14
201502979;8.5
201502990;11.87
201503044;11.12
201503051;11
201503078;13.25
201503098;12.5
201503146;10.5
201503184;12
201503294;10
201503324;12.5
201513487;12.75
201513561;13
201580036;10.12
201580037;12.5
200722421;6.5
200916276;8.12
201117060;6.25
201210074;13
201220325;5.62
201310602;5
201310710;6.75
201315049;13
201318227;8
201321745;0
201400427;4.62
201400525;10
201407927;9
201407941;9.5
201407980;12
201408248;11
201502799;13
201502802;12.5
201502807;9
201502816;12.25
201502824;11.5
201502862;12
201502869;13
201502877;13.75
201502891;9.12
201502907;11.37
201502915;6.5
201502927;11.5
201502931;11.25
201502936;6.5
201502993;9.87
201503001;9.12
201503005;12
201503007;11.5
201503033;11
201503040;9.37
201503041;13.5
201503043;12.37
201503073;9.25
201503080;10.12
201503095;11.5
201503099;9.37
201503209;9.75
201503236;12
201503250;6
201503263;12.5
201503265;11.5
201503267;4.5
201503293;11
201503339;8.37
201513228;11.37
201513247;8.87
201513248;10
201513275;10.5
201513276;8.87
201513286;10.5
201513315;11.37
201513331;11.5
201513338;10
201513411;10.5
201513551;12.25
201516923;10
201580020;12
