199910871;13.8
200680047;11.8
200722421;11.75
200916276;11.75
201025011;0
201117060;11.75
201210074;11.75
201220014;13.8
201220325;11.75
201220380;13.8
201310142;0
201310529;13.12
201310602;11.75
201310645;13.12
201310710;13.75
201315049;13.75
201318183;13.12
201318186;13.12
201318227;13.75
201318304;13.12
201321726;13.12
201321738;12.15
201321745;13.75
201321802;12.15
201322312;12.2
201330970;12.15
201345055;12.2
201400370;12.15
201400427;13.75
201400434;12.65
201400459;12.65
201400460;12.65
201400485;12.7
201400525;13.75
201400600;12.7
201400700;12.65
201400715;13.65
201407923;13.65
201407927;14.8
201407941;14.75
201407942;13.65
201407980;14.75
201407992;13.65
201408040;13.65
201408058;13.65
201408066;14
201408087;14
201408184;14
201408248;14.75
201411974;14
201480044;14
201502799;14.8
201502800;14
201502802;14.75
201502807;14.35
201502816;14.35
201502824;14.35
201502826;13.25
201502840;13.25
201502842;13.25
201502862;14.35
201502869;14.35
201502877;14.35
201502878;13.25
201502882;13.25
201502884;13.25
201502891;12.5
201502907;12.5
201502908;14.4
201502915;12.5
201502927;12.5
201502931;12.5
201502934;14.4
201502936;12.5
201502954;14.4
201502976;14.4
201502979;14.4
201502990;14.4
201502993;12.75
201503001;12.8
201503005;12.75
201503007;12.75
201503033;12.75
201503040;12.75
201503041;13.95
201503043;13.95
201503044;14.25
201503051;14.25
201503073;13.95
201503078;14.25
201503080;13.95
201503095;13.95
201503098;14.25
201503099;13.95
201503146;14.25
201503184;14.25
201503209;13.65
201503236;13.95
201503250;13.95
201503263;13.95
201503265;13.95
201503267;13.95
201503293;13.95
201503294;12.6
201503324;12.6
201503339;11.2
201513228;11.2
201513247;11.2
201513248;11.2
201513275;11.2
201513276;11.2
201513286;11.2
201513315;11.75
201513331;11.75
201513338;11.75
201513411;11.75
201513487;12.6
201513551;11.75
201513561;12.6
201516923;11.75
201580020;11.75
201580036;12.6
201580037;12.6
