199910871;9
200680047;7
200722421;4
200916276;7
201025011;0
201117060;4
201210074;11
201220014;9
201220325;4
201220380;7
201310142;0
201310529;8
201310602;10
201310645;15
201310710;4
201315049;11
201318183;7
201318186;8
201318227;6
201318304;9
201321726;6
201321738;8
201321745;11
201321802;10
201322312;4
201330970;9
201345055;8
201400370;5
201400427;6
201400434;8
201400459;8
201400460;6
201400485;10
201400525;7
201400600;2
201400700;9
201400715;11
201407923;7
201407927;6
201407941;11
201407942;8
201407980;10
201407992;4
201408040;8
201408058;11
201408066;9
201408087;9
201408184;10
201408248;13
201411974;10
201480044;5
201502799;12
201502800;7
201502802;12
201502807;8
201502816;10
201502824;9
201502826;7
201502840;8
201502842;9
201502862;9
201502869;13
201502877;9
201502878;8
201502882;12
201502884;11
201502891;5
201502907;9
201502908;10
201502915;11
201502927;10
201502931;12
201502934;10
201502936;10
201502954;10
201502976;11
201502979;9
201502990;11
201502993;11
201503001;6
201503005;10
201503007;9
201503033;10
201503040;12
201503041;10
201503043;8
201503044;10
201503051;11
201503073;8
201503078;12
201503080;8
201503095;11
201503098;8
201503099;8
201503146;11
201503184;11
201503209;8
201503236;13
201503250;13
201503263;9
201503265;11
201503267;7
201503293;9
201503294;14
201503324;11
201503339;7
201513228;10
201513247;7
201513248;10
201513275;9
201513276;4
201513286;13
201513315;8
201513331;6
201513338;11
201513411;8
201513487;11
201513551;9
201513561;9
201516923;12
201580020;11
201580036;13
201580037;12
