9610512,20
200722421,34
200915965,41
201013808,23
201021501,0
201210074,50
201210853,14
201211987,31
201220014,47
201310142,63
201310625,31
201310638,13
201310641,15
201310704,21
201317725,18
201318155,33
201318182,32
201321738,47
201321744,45
201321754,36
201321823,24
201322262,28
201330970,50
201340439,21
201345055,36
201400370,46
201400465,25
201400485,53
201400524,48
201400525,54
201400549,34
201400553,48
201400711,45
201400715,46
201400787,22
201404042,21
201407923,47
201407929,36
201407939,33
201407941,31
201407942,65
201407958,13
201407962,48
201407974,26
201407994,29
201408075,38
201408139,13
201408142,34
201408203,31
201408747,21
201411974,47
201413622,43
201413680,21
201413685,21
201415299,51
201480044,37
201501353,50
201502799,58
201502800,45
201502802,52
201502807,53
201502813,58
201502816,50
201502826,39
201502831,44
201502837,23
201502840,53
201502842,55
201502852,55
201502862,60
201502866,17
201502869,61
201502872,49
201502878,40
201502882,50
201502884,48
201502885,18
201502887,46
201502891,53
201502895,33
201502904,25
201502907,61
201502908,60
201502915,37
201502920,9
201502927,45
201502931,43
201502934,52
201502936,54
201502954,0
201502969,45
201502975,40
201502979,60
201502990,49
201502993,57
201503001,34
201503007,51
201503008,66
201503033,57
201503040,48
201503041,57
201503044,41
201503051,61
201503071,24
201503072,31
201503073,48
201503078,53
201503080,66
201503087,29
201503095,51
201503120,46
201503175,11
201503184,47
201503209,51
201503245,24
201503250,43
201503251,41
201503263,56
201503265,52
201503267,51
201503271,29
201503293,52
201503323,14
201503324,52
201503334,23
201503339,39
201503348,34
201503359,28
201513211,31
201513228,50
201513238,28
201513240,42
201513241,33
201513247,41
201513248,56
201513275,43
201513276,52
201513286,47
201513315,39
201513331,51
201513332,27
201513338,42
201513341,46
201513372,28
201513376,42
201513411,33
201513418,33
201513467,4
201513468,36
201513483,38
201513487,47
201513561,53
201516851,51
201516923,54
201516986,51
201517011,29
201580020,47
201580036,44
201580037,60
