Carnet,Segundo Parcial
8818125,11
200010198,6.5
200011847,10
200318850,0
200512358,9
200515350,0
200518107,10.5
200614400,4.5
200614626,11
200715463,11.5
200715500,6
200715765,6
200780043,9.5
200810495,9.5
200810590,11
200810599,11.5
200817609,8
200817640,10.5
200915854,12
200915895,11.5
200915988,9.5
200916143,5
200918192,11
200918196,9.5
200918257,10
200924182,10.5
201012302,10
201013353,7.5
201013442,10
201013475,10.5
201013477,10
201013479,10.5
201013609,11.5
201021738,11
201112041,9.5
201112094,10.5
201112131,10.5
201112136,8.5
201112170,9
201112200,8.5
201112233,8.5
201112274,9
201112278,7
201112291,10
201114635,10.5
201124099,7
201180038,10
201210538,8.5
201210557,10.5
201210563,13
201210565,12
201210602,9.5
201210646,10
201210650,10.5
201210674,11
201210675,12
201210681,9.5
201210695,12.5
201210702,13.5
201210706,10.5
201210709,10.5
201210710,11
201210715,14
201210718,10.5
201210739,11
201210742,12
201210754,9.5
201210756,8.5
201210773,12
201210778,8.5
201210783,12
201210794,9.5
201210834,11
201210882,14
201210905,11.5
201220328,12.5
201220335,9.5
201220354,10.5
201220425,11
201220445,9
201222437,13.5
201280028,10.5
