9711549,11.48
200010198,9.23
200313754,2.63
200515350,3.90
200610921,2.18
200715610,10.13
200715722,10.35
200810431,9.94
200810498,11.96
200810517,10.95
200811338,9.00
200817309,7.13
200817609,6.83
200880028,13.13
200915864,12.00
201012065,12.38
201013417,8.63
201013689,9.68
201020026,9.68
201021737,6.60
201111964,12.38
201112081,11.40
201112149,11.78
201112184,13.50
201112248,8.10
201112270,7.16
201112350,12.75
201210553,11.25
201210562,12.38
201210642,8.25
201210645,11.25
201210673,11.70
201210682,12.08
201210691,9.94
201210705,13.73
201210732,11.10
201210744,8.33
201210766,11.93
201210823,12.75
201210847,13.88
201210870,13.13
201210897,8.22
201210900,13.73
201214713,13.80
201245563,9.90
201280026,11.63
201280027,12.00
201310522,12.75
201310551,11.18
201310562,14.10
201310564,14.25
201310568,11.63
201310571,13.50
201310594,12.79
201310612,12.60
201310613,8.48
201310621,14.25
201310648,13.13
201310654,5.63
201310657,14.29
201310667,12.38
201310669,12.60
201310670,11.63
201310676,14.70
201310688,10.47
201310697,12.38
201310699,11.85
201310700,11.48
201310703,13.13
201318169,10.50
201318215,11.85
201318218,13.47
201318376,11.63
201321724,14.25
201321729,14.25
201321740,11.85
201380007,10.05
201380027,9.90
201380041,11.97
