9711549,15.00
200010198,8.67
200313754,4.25
200515350,9.92
200610921,11.04
200715610,12.33
200715722,14.66
200810431,11.48
200810498,14.21
200810517,14.33
200811338,7.00
200817309,11.32
200817609,7.42
200880028,9.58
200915864,14.12
201012065,14.24
201013417,14.50
201013689,12.17
201020026,13.65
201021737,7.08
201111964,14.08
201112081,14.00
201112149,9.23
201112184,14.25
201112248,6.25
201112270,9.25
201112350,12.50
201210553,14.66
201210562,7.33
201210642,14.19
201210645,10.69
201210673,13.48
201210682,13.20
201210691,11.49
201210705,14.01
201210732,14.92
201210744,11.74
201210766,14.03
201210823,13.78
201210847,14.67
201210870,14.42
201210897,11.28
201210900,14.57
201214713,14.70
201245563,9.24
201280026,14.74
201280027,14.67
201310522,9.83
201310551,13.40
201310562,14.40
201310564,14.39
201310568,13.64
201310571,13.61
201310594,14.90
201310612,14.37
201310613,10.90
201310621,14.83
201310648,14.42
201310654,11.48
201310657,14.25
201310667,11.57
201310669,14.02
201310670,14.90
201310676,14.50
201310688,11.32
201310697,14.25
201310699,14.41
201310700,12.15
201310703,14.75
201318169,14.58
201318215,14.32
201318218,14.83
201318376,14.12
201321724,14.08
201321729,14.40
201321740,12.17
201380007,14.49
201380027,11.89
201380041,14.49
