9711549,7.65
200010198,7.95
200313754,10.30
200512351,6.27
200515350,8.80
200610921,9.45
200715610,8.93
200715722,9.40
200810431,5.70
200810498,8.45
200810517,7.55
200811338,9.60
200817309,9.95
200817609,5.70
200880028,8.93
200915864,7.50
201012065,10.07
201013417,4.95
201013689,8.70
201020026,8.55
201021737,9.08
201111964,10.80
201112081,8.63
201112149,5.33
201112184,10.80
201112248,9.00
201112270,6.25
201112350,8.40
201210553,9.55
201210562,8.35
201210642,7.07
201210645,6.90
201210673,10.88
201210682,12.90
201210691,12.30
201210705,7.43
201210732,6.90
201210744,10.60
201210766,9.42
201210823,8.80
201210847,10.30
201210870,6.62
201210897,12.15
201210900,9.30
201214713,11.70
201245563,10.43
201280026,7.15
201280027,6.10
201310522,8.50
201310551,9.75
201310562,13.45
201310564,8.25
201310568,10.43
201310571,8.48
201310594,13.77
201310612,6.55
201310613,9.45
201310621,9.25
201310648,10.75
201310654,6.25
201310657,9.90
201310667,10.88
201310669,8.85
201310670,11.40
201310676,3.85
201310688,5.57
201310697,12.60
201310699,10.88
201310700,12.30
201310703,11.55
201318169,9.70
201318215,8.10
201318218,8.40
201318376,8.22
201321724,10.65
201321729,10.20
201321740,12.38
201380007,12.45
201380027,7.40
201380041,12.12
