9711549,9.49
200010198,9.49
200313754,7.74
200515350,9.49
200610921,9.31
200715610,9.59
200715722,9.49
200810431,9.31
200810498,9.49
200810517,9.39
200811338,9.49
200817309,9.59
200817609,9.31
200880028,9.31
200915864,9.31
201012065,7.68
201013417,6.36
201013689,9.39
201020026,7.68
201021737,4.48
201111964,9.59
201112081,9.59
201112149,9.59
201112184,9.39
201112248,9.59
201112270,4.48
201112350,9.59
201210553,9.20
201210562,9.31
201210642,7.91
201210645,9.39
201210673,9.50
201210682,9.31
201210691,9.59
201210705,9.31
201210732,9.49
201210744,9.39
201210766,9.50
201210823,7.68
201210847,9.49
201210870,9.39
201210897,9.39
201210900,9.39
201214713,9.49
201245563,9.20
201280026,9.31
201280027,9.50
201310522,9.20
201310551,9.54
201310562,9.54
201310564,9.20
201310568,9.54
201310571,9.54
201310594,9.50
201310612,7.68
201310613,7.68
201310621,9.20
201310648,9.50
201310654,9.20
201310657,9.54
201310667,9.54
201310669,9.20
201310670,9.50
201310676,9.49
201310688,7.68
201310697,9.20
201310699,7.68
201310700,9.50
201310703,9.50
201318169,9.20
201318215,9.54
201318218,7.68
201318376,7.68
201321724,9.54
201321729,8.03
201321740,9.54
201380007,9.54
201380027,7.68
201380041,9.20
