Carnet,Casos clínicos
8818125,9.14
200010198,5.77
200011847,9.38
200318850,9.88
200512358,7.77
200515350,5.77
200518107,9.51
200614400,9.7
200614626,9.7
200715463,9.88
200715500,5.77
200715765,9.88
200780043,9.62
200810495,9.7
200810590,9.7
200810599,7.7
200817609,7.92
200817640,9.66
200915854,9.88
200915895,9.88
200915988,9.66
200916143,9.66
200918192,9.88
200918196,9.66
200918257,9.38
200924182,9.51
201012302,9.51
201013353,7.39
201013442,9.72
201013475,9.66
201013477,8.86
201013479,8.86
201013609,9.66
201021738,9.88
201112041,9.51
201112094,8.86
201112131,9.57
201112136,9.51
201112170,9.66
201112200,9.51
201112233,8.86
201112274,9.66
201112278,8.86
201112291,9.57
201114635,9.62
201124099,9.51
201180038,9.51
201210538,9.62
201210557,9.57
201210563,9.57
201210565,9.57
201210602,9.38
201210646,9.62
201210650,9.62
201210674,9.72
201210675,9.72
201210681,9.57
201210695,9.62
201210702,9.14
201210706,9.38
201210709,9.38
201210710,9.38
201210715,9.14
201210718,8.86
201210739,7.69
201210742,9.62
201210754,9.38
201210756,9.14
201210773,9.38
201210778,9.72
201210783,9.72
201210794,8.86
201210834,8.86
201210882,9.62
201210905,9.14
201220328,9.72
201220335,9.14
201220354,9.72
201220425,9.38
201220445,9.14
201222437,9.14
201280028,9.72
