8818125,8
200010198,6
200011847,8
200318850,0
200512358,10
200515350,8.5
200518107,7.5
200614400,8.5
200614626,7.5
200715463,9
200715500,8
200715765,9.5
200780043,10.5
200810495,9
200810590,9.5
200810599,6
200817609,6.5
200817640,10
200915854,12.5
200915895,10
200915988,9
200916143,7.5
200918192,6.5
200918196,8
200918257,4
200924182,8
201012302,5.5
201013353,8
201013442,6.5
201013475,9
201013477,7
201013479,8.5
201013609,10.5
201021738,11
201112041,9.5
201112094,5.5
201112131,9.5
201112136,8.5
201112170,8
201112200,8
201112233,9
201112274,9.5
201112278,5.5
201112291,8
201114635,7.5
201124099,8.5
201180038,8.5
201210538,7
201210557,7.5
201210563,10.5
201210565,11
201210602,8
201210646,4
201210650,12
201210674,8.5
201210675,6.5
201210681,9.5
201210695,8
201210702,10.5
201210706,8.5
201210709,6.5
201210710,9
201210715,12
201210718,7.5
201210739,9
201210742,9
201210754,10.5
201210756,8
201210773,11
201210778,7.5
201210783,10
201210794,7.5
201210834,8.5
201210882,10.5
201210905,9.5
201220328,9.5
201220335,9.5
201220354,8
201220425,10
201220445,8
201222437,11
201280028,6.5
