Carnet,Cortos
8818125,13.22
200010198,1.25
200011847,10.22
200318850,4.91
200512358,4.53
200515350,0.56
200518107,9.75
200614400,8.12
200614626,11.55
200715463,8.66
200715500,5.92
200715765,6.91
200780043,13.27
200810495,8.94
200810590,11.45
200810599,11.45
200817609,3.12
200817640,10.28
200915854,12.19
200915895,9.02
200915988,8.7
200916143,5.69
200918192,7.56
200918196,8.47
200918257,10.12
200924182,12.03
201012302,11.53
201013353,7.45
201013442,11.2
201013475,7.62
201013477,8.73
201013479,11.3
201013609,12.17
201021738,10.56
201112041,13.75
201112094,9.69
201112131,8.2
201112136,9.81
201112170,11.27
201112200,9.67
201112233,8.44
201112274,10.92
201112278,10.14
201112291,7.59
201114635,11.55
201124099,10.09
201180038,10.23
201210538,9.92
201210557,8.89
201210563,12.97
201210565,12.98
201210602,13.56
201210646,11.61
201210650,13.72
201210674,6.17
201210675,12.48
201210681,11.92
201210695,12.39
201210702,12.64
201210706,7.81
201210709,10.28
201210710,8.59
201210715,14.05
201210718,13.84
201210739,12.89
201210742,13.72
201210754,12.08
201210756,10.16
201210773,13.81
201210778,10
201210783,13.76
201210794,12.38
201210834,7.73
201210882,11
201210905,12.56
201220328,13.13
201220335,9.25
201220354,11.61
201220425,13.67
201220445,3.37
201222437,11.39
201280028,12.41
