9711549,7.52
200010198,9.89
200313754,6.38
200512351,0.00
200515350,0.00
200610921,7.08
200715610,8.41
200715722,9.28
200810431,5.91
200810498,12.03
200810517,9.84
200811338,5.05
200817309,10.09
200817609,7.94
200880028,11.27
200915864,8.52
201012065,9.53
201013417,9.13
201013689,7.77
201020026,9.68
201021737,7.93
201111964,8.92
201112081,5.31
201112149,6.25
201112184,9.52
201112248,6.99
201112270,6.62
201112350,11.97
201210553,11.18
201210562,7.01
201210642,9.32
201210645,9.26
201210673,9.56
201210682,9.36
201210691,11.68
201210705,10.24
201210732,11.35
201210744,8.74
201210766,9.24
201210823,6.89
201210847,10.24
201210870,10.05
201210897,7.95
201210900,9.35
201214713,12.26
201245563,14.33
201280026,12.96
201280027,9.53
201310522,8.05
201310551,10.15
201310562,13.13
201310564,13.33
201310568,8.44
201310571,12.28
201310594,12.23
201310612,9.23
201310613,9.08
201310621,9.29
201310648,11.68
201310654,7.56
201310657,10.24
201310667,8.89
201310669,12.09
201310670,11.28
201310676,11.46
201310688,10.96
201310697,11.68
201310699,10.40
201310700,11.78
201310703,12.23
201318169,8.98
201318215,7.57
201318218,9.30
201318376,11.03
201321724,10.91
201321729,11.12
201321740,9.80
201380007,11.18
201380027,8.70
201380041,9.59
