Carnet,Mapas
8818125,14.83
200010198,6.67
200011847,12.29
200318850,9.54
200512358,6.46
200515350,5
200518107,14.25
200614400,14.83
200614626,14.92
200715463,14.46
200715500,12.33
200715765,12.75
200780043,14.48
200810495,14.35
200810590,14.75
200810599,13.46
200817609,7.53
200817640,14.42
200915854,15
200915895,5.29
200915988,11.75
200916143,13.83
200918192,14.58
200918196,15
200918257,13.92
200924182,14.67
201012302,14.58
201013353,14.75
201013442,14.75
201013475,14.92
201013477,14.37
201013479,14.37
201013609,14.83
201021738,14.71
201112041,13.62
201112094,14.7
201112131,13.27
201112136,14.03
201112170,14.04
201112200,14.08
201112233,13.78
201112274,11.63
201112278,12.08
201112291,13.44
201114635,11.92
201124099,11.83
201180038,13.71
201210538,14.54
201210557,14.23
201210563,14.66
201210565,14.32
201210602,14.37
201210646,13.75
201210650,14.07
201210674,10.33
201210675,14.41
201210681,13.23
201210695,14.15
201210702,14.67
201210706,14.5
201210709,12.2
201210710,13.7
201210715,14.95
201210718,13.92
201210739,14.71
201210742,14.71
201210754,13.7
201210756,14.83
201210773,14.9
201210778,14.04
201210783,14.75
201210794,13.58
201210834,11.33
201210882,14.49
201210905,14.12
201220328,14.52
201220335,10.08
201220354,14.12
201220425,14.57
201220445,12.07
201222437,14.71
201280028,14.71
