200010798,10.39
200512351,7.23
200610568,3.15
200715610,10.07
200715618,10.04
200717835,8.19
200718236,8.89
200810417,9.79
200810431,8.48
200811350,0
200915895,0
200915915,4.84
200916250,8.04
200916289,8.30
200918254,10.19
200980037,8.10
201012065,10.36
201013493,9.14
201013572,9.29
201013785,10.59
201015329,9.24
201021737,8.54
201021787,8.44
201112046,6.79
201112161,6.64
201112204,8.45
201112248,9.29
201119229,7.56
201124083,8.45
201210405,9.50
201210617,7.79
201210665,11.29
201210669,7.59
201210672,9.88
201210683,10.04
201210729,9.38
201220212,10.39
201220265,6.74
201220297,8.06
201310523,12.39
201310541,10.19
201310551,10.37
201310575,7.45
201310596,9.14
201310614,6.83
201310687,8.61
201310706,9.61
201318284,8.51
201318347,6.69
201318470,8.62
201321741,9.14
201322103,11.69
201400373,10.26
201400383,9.88
201400384,10.64
201400385,11.94
201400389,8.83
201400435,8.73
201400449,9.79
201400458,7.60
201400468,11.24
201400470,9.48
201400497,10.14
201400499,10.39
201400535,8.99
201400537,8.74
201400552,10.19
201400557,8.15
201400580,12.24
201400584,10.74
201400606,10.04
201400634,10.09
201400654,11.14
201400661,9.78
201400685,9.24
201400691,9.11
201400708,10.48
201400756,9.94
201400785,10.42
201400788,10.19
201407984,5.34
201407988,9.84
201408038,9.65
201413001,11.74
