200010798,34.36
200512351,25.27
200610568,32.89
200715610,33.18
200715618,33.34
200717835,32.68
200718236,32.40
200810417,33.88
200810431,31.51
200811350,22.57
200915895,5.94
200915915,32.00
200916250,30.89
200916289,33.27
200918254,31.52
200980037,31.85
201012065,34.07
201013493,33.09
201013572,31.67
201013785,33.87
201015329,32.62
201021737,30.54
201021787,31.21
201112046,33.83
201112161,34.42
201112204,33.36
201112248,33.62
201119229,33.57
201124083,34.52
201210405,30.52
201210617,29.10
201210665,31.98
201210669,32.70
201210672,34.85
201210683,32.95
201210729,33.45
201220212,33.11
201220265,33.45
201220297,31.82
201310523,33.47
201310541,31.70
201310551,33.44
201310575,32.58
201310596,32.35
201310614,33.90
201310687,34.21
201310706,31.95
201318284,33.63
201318347,34.14
201318470,32.67
201321741,33.34
201322103,33.42
201400373,35.73
201400383,34.32
201400384,34.19
201400385,34.22
201400389,33.80
201400435,33.27
201400449,33.16
201400458,33.04
201400468,34.39
201400470,34.52
201400497,34.04
201400499,30.50
201400535,33.94
201400537,34.59
201400552,32.49
201400557,33.71
201400580,33.45
201400584,32.20
201400606,31.87
201400634,33.37
201400654,33.36
201400661,33.34
201400685,32.86
201400691,33.58
201400708,34.60
201400756,32.82
201400785,33.53
201400788,33.78
201407984,32.87
201407988,35.11
201408038,32.22
201413001,33.49
