200010798,4.17
200512351,4.17
200610568,1.40
200715610,6.13
200715618,5.22
200717835,2.40
200718236,4.03
200810417,2.80
200810431,4.58
200811350,3.27
200915895,0
200915915,0
200916250,2.20
200916289,2.20
200918254,3.98
200980037,2.45
201012065,3.00
201013493,1.20
201013572,4.28
201013785,3.20
201015329,3.82
201021737,4.35
201021787,2.32
201112046,6.10
201112161,6.39
201112204,2.60
201112248,6.22
201119229,3.50
201124083,3.42
201210405,6.65
201210617,3.07
201210665,5.95
201210669,2.37
201210672,3.73
201210683,1.80
201210729,3.42
201220212,3.73
201220265,2.32
201220297,4.30
201310523,8.23
201310541,5.17
201310551,5.47
201310575,3.93
201310596,5.45
201310614,4.88
201310687,2.32
201310706,3.24
201318284,2.85
201318347,6.08
201318470,3.35
201321741,3.95
201322103,5.23
201400373,4.87
201400383,6.05
201400384,2.60
201400385,4.92
201400389,4.87
201400435,5.70
201400449,1.80
201400458,4.13
201400468,6.15
201400470,5.30
201400497,3.57
201400499,2.80
201400535,5.08
201400537,3.95
201400552,5.20
201400557,2.62
201400580,5.65
201400584,5.30
201400606,6.40
201400634,4.38
201400654,4.37
201400661,5.52
201400685,3.28
201400691,2.65
201400708,4.00
201400756,2.80
201400785,3.17
201400788,4.13
201407984,0.20
201407988,4.93
201408038,2.52
201413001,3.83
