200320162	29
200314980	27
200413951	37
200614342	31
200710721	30
200715431	31
200810567	38
200817535	32
200817684	14
200880004	35
200910572	35
200915942	31
200916250	40
200918254	37
201012065	37
201013391	30
201013409	38
201013675	25
201013765	38
201013807	37
201018707	34
201020026	34
201112080	36
201112161	36
201112184	39
201112192	32
201112204	33
201112209	34
201112232	32
201112270	35
201112321	26
201112344	32
201119674	35
201119733	32
201124083	35
201210553	42
201210617	35
201210645	39
201210655	37
201210665	39
201210672	33
201210683	37
201210705	44
201210729	41
201210823	37
201210900	41
201210904	37
201210912	31
201214713	43
201220212	30
201220265	33
201220297	34
201220309	32
201245563	41
201280026	40
201310522	34
201310523	42
201310541	30
201310551	36
201310562	45
201310564	41
201310566	36
201310568	36
201310571	36
201310575	34
201310594	44
201310596	38
201310612	37
201310613	35
201310614	34
201310621	32
201310630	30
201310648	40
201310654	35
201310657	41
201310667	38
201310669	38
201310670	44
201310676	38
201310682	37
201310687	39
201310688	37
201310697	45
201310699	40
201310700	43
201310703	41
201318169	41
201318215	34
201318218	43
201318347	36
201318376	37
201321724	45
201321729	35
201321740	31
201380007	42
201380027	40
201380041	44
