200317279,52
200413945,51
200515350,25
200610568,48
200610588,54
200715577,49
200715751,54
200717835,54
200718297,35
200810417,42
200910572,58
200915915,55
200916250,57
200980037,61
201013765,60
201119229,57
201210405,52
201210669,59
201210672,53
201210680,54
201210740,48
201220265,58
201220309,61
201310523,64
201310566,48
201310630,61
201310687,63
201310706,54
201318284,57
201318467,58
201318470,52
201321734,59
201321741,61
201322103,62
201400373,63
201400383,62
201400384,60
201400385,63
201400389,60
201400435,59
201400449,60
201400458,61
201400468,59
201400470,63
201400497,60
201400499,60
201400508,45
201400535,59
201400537,62
201400552,61
201400557,57
201400580,62
201400584,51
201400606,59
201400634,61
201400651,63
201400654,57
201400661,54
201400680,58
201400685,56
201400708,64
201400756,60
201400785,60
201400788,54
201407955,61
201407984,56
201407988,61
201408038,59
201413001,60
