8818125,64
200011847,64
200210927,51
200512351,57
200518107,61
200610921,36
200715610,52
200715722,61
200718236,56
200780043,62
200810431,52
200811338,63
200915818,56
200916289,57
200918165,61
200918254,55
200918257,59
200924182,58
201012302,60
201013353,63
201013442,62
201013477,58
201013479,56
201015329,56
201021737,60
201021787,57
201111964,55
201112015,60
201112041,57
201112081,55
201112094,54
201112131,60
201112136,58
201112149,55
201112170,57
201112200,59
201112233,63
201112248,60
201112270,54
201112278,60
201112291,64
201112319,59
201112350,58
201114635,65
201124097,55
201180011,61
201180038,65
201210538,59
201210557,60
201210563,65
201210565,60
201210602,58
201210646,61
201210650,60
201210673,61
201210674,57
201210675,66
201210681,59
201210691,60
201210695,66
201210702,65
201210706,56
201210709,60
201210710,65
201210715,65
201210718,58
201210732,58
201210739,60
201210742,65
201210744,61
201210754,63
201210755,51
201210756,57
201210766,54
201210773,65
201210778,61
201210783,58
201210794,62
201210828,63
201210834,62
201210882,61
201210905,64
201220328,62
201220335,62
201220354,55
201220425,66
201220445,55
201222437,64
201280028,60
