200313754,0.14
200512351,0.86
200610921,0.73
200715618,2.43
200715722,2.04
200810431,1.59
200810517,2.29
200880028,2.36
200915864,2.59
200916289,2.88
201012065,1.91
201013417,1.82
201013572,2.76
201013689,2.98
201020026,2.32
201021737,1.89
201021787,3.13
201111964,2.94
201112081,2.69
201112149,1.71
201112161,2.78
201112184,3.71
201112270,1.58
201112350,2.79
201210553,2.9
201210562,3.43
201210642,2.18
201210645,3.2
201210673,2.89
201210682,2.95
201210683,2.06
201210691,3.73
201210705,2.94
201210732,2.74
201210744,1.69
201210755,2.01
201210766,2.64
201210823,1.86
201210847,2.83
201210870,2.65
201210897,2.37
201210900,2.71
201214713,3.32
201220297,2.04
201245563,2.66
201280026,2.94
201280027,2.27
201310522,2.3
201310541,0.89
201310551,2.94
201310562,3.59
201310564,2.37
201310568,0.62
201310571,1.7
201310594,3.91
201310612,2.51
201310613,1.24
201310614,2.94
201310621,2.55
201310648,3.06
201310654,0.79
201310657,2.69
201310667,3.01
201310669,2.48
201310670,3.14
201310676,2.31
201310688,1.99
201310697,3.42
201310699,3.16
201310700,3.43
201310703,3.79
201318169,3.15
201318215,2.29
201318218,2.09
201318376,1.88
201321724,3.31
201321729,2.66
201321740,1.02
201380007,3.78
201380027,2.31
201380041,2.26
