200313754,10.5
200512351,11.25
200610921,13.39
200715618,12.34
200715722,12.56
200810431,13.15
200810517,13.56
200880028,13.67
200915864,13.74
200916289,13.13
201012065,13.38
201013417,12.63
201013572,13.03
201013689,13.57
201020026,13.2
201021737,11.15
201021787,13.48
201111964,13.86
201112081,10.05
201112149,10.39
201112161,11.32
201112184,12.9
201112270,10.81
201112350,10.81
201210553,14.1
201210562,12.8
201210642,13.13
201210645,13.41
201210673,12.22
201210682,14.1
201210683,13.82
201210691,14.01
201210705,14.09
201210732,11.26
201210744,14.02
201210755,13.21
201210766,11.97
201210823,13
201210847,13.86
201210870,13.28
201210897,10.1
201210900,13.36
201214713,13.32
201220297,13.58
201245563,11.37
201280026,13.39
201280027,13.35
201310522,9.34
201310541,12.9
201310551,13.14
201310562,13.05
201310564,12.77
201310568,11.66
201310571,12.34
201310594,13.88
201310612,12.9
201310613,13.08
201310614,13.77
201310621,12.96
201310648,12.9
201310654,13.44
201310657,12.88
201310667,12.99
201310669,12.92
201310670,12.93
201310676,13.5
201310688,12.48
201310697,12.92
201310699,13.53
201310700,13.06
201310703,13.46
201318169,13.56
201318215,13.7
201318218,9.21
201318376,13.2
201321724,12.19
201321729,12.45
201321740,11.66
201380007,13.22
201380027,10.45
201380041,13.92
