200313754,7.00
200512351,0.00
200610921,7.00
200715618,7.00
200715722,7.00
200810431,7.00
200810517,9.00
200880028,7.00
200915864,7.00
200916289,7.00
201012065,9.00
201013417,7.00
201013572,7.00
201013689,8.00
201020026,9.00
201021737,7.00
201021787,7.00
201111964,9.00
201112081,7.00
201112149,7.00
201112161,7.00
201112184,8.00
201112270,7.00
201112350,7.00
201210553,7.00
201210562,7.00
201210642,7.00
201210645,8.00
201210673,7.00
201210682,7.00
201210683,7.00
201210691,9.00
201210705,7.00
201210732,9.00
201210744,8.00
201210755,9.00
201210766,7.00
201210823,9.00
201210847,9.00
201210870,9.00
201210897,7.00
201210900,8.00
201214713,9.00
201220297,7.00
201245563,8.00
201280026,7.00
201280027,9.00
201310522,7.00
201310541,7.00
201310551,7.00
201310562,9.00
201310564,8.00
201310568,7.00
201310571,7.00
201310594,9.00
201310612,9.00
201310613,7.00
201310614,7.00
201310621,8.00
201310648,9.00
201310654,7.00
201310657,9.00
201310667,9.00
201310669,8.00
201310670,9.00
201310676,9.00
201310688,9.00
201310697,8.00
201310699,9.00
201310700,9.00
201310703,9.00
201318169,7.00
201318215,7.00
201318218,7.00
201318376,9.00
201321724,9.00
201321729,9.00
201321740,7.00
201380007,7.00
201380027,7.00
201380041,7.00
