200313754,0.38
200512351,1.54
200610921,3.08
200715618,4.23
200715722,4.62
200810431,4.62
200810517,4.62
200880028,3.85
200915864,5.00
200916289,5.00
201012065,4.23
201013417,5.00
201013572,3.85
201013689,4.62
201020026,4.62
201021737,3.85
201021787,3.85
201111964,5.00
201112081,5.00
201112149,4.62
201112161,4.23
201112184,5.00
201112270,3.85
201112350,5.00
201210553,4.62
201210562,3.08
201210642,5.00
201210645,4.62
201210673,4.62
201210682,5.00
201210683,3.85
201210691,5.00
201210705,5.00
201210732,5.00
201210744,4.23
201210755,3.85
201210766,4.62
201210823,4.62
201210847,5.00
201210870,4.62
201210897,4.23
201210900,5.00
201214713,5.00
201220297,3.08
201245563,3.46
201280026,4.62
201280027,5.00
201310522,3.46
201310541,2.69
201310551,4.62
201310562,3.85
201310564,5.00
201310568,5.00
201310571,4.62
201310594,5.00
201310612,4.23
201310613,4.23
201310614,3.85
201310621,5.00
201310648,5.00
201310654,2.31
201310657,4.62
201310667,3.08
201310669,5.00
201310670,5.00
201310676,5.00
201310688,4.62
201310697,5.00
201310699,4.62
201310700,5.00
201310703,5.00
201318169,5.00
201318215,4.62
201318218,4.62
201318376,5.00
201321724,4.62
201321729,5.00
201321740,5.00
201380007,5.00
201380027,4.23
201380041,4.23
