200313754,5.63
200512351,4.64
200610921,8.79
200715618,7.84
200715722,6.20
200810431,6.18
200810517,8.80
200880028,7.48
200915864,6.06
200916289,8.85
201012065,7.35
201013417,7.40
201013572,8.09
201013689,8.93
201020026,8.46
201021737,6.38
201021787,7.91
201111964,8.34
201112081,8.36
201112149,7.11
201112161,8.01
201112184,8.60
201112270,4.77
201112350,6.26
201210553,9.78
201210562,10.06
201210642,8.85
201210645,9.95
201210673,7.19
201210682,11.12
201210683,8.24
201210691,6.89
201210705,8.35
201210732,5.66
201210744,9.17
201210755,7.00
201210766,7.74
201210823,6.71
201210847,10.73
201210870,6.78
201210897,8.30
201210900,7.98
201214713,11.16
201220297,9.09
201245563,8.33
201280026,6.71
201280027,7.58
201310522,6.92
201310541,6.62
201310551,7.94
201310562,10.58
201310564,8.82
201310568,7.32
201310571,9.23
201310594,10.65
201310612,5.64
201310613,6.83
201310614,7.67
201310621,10.05
201310648,10.97
201310654,7.29
201310657,9.89
201310667,10.13
201310669,7.05
201310670,8.10
201310676,6.87
201310688,7.49
201310697,11.48
201310699,7.46
201310700,11.12
201310703,8.64
201318169,9.23
201318215,8.03
201318218,8.96
201318376,8.64
201321724,10.95
201321729,7.05
201321740,7.11
201380007,10.14
201380027,4.82
201380041,8.14
