200313754,6.17
200512351,0.00
200610921,8.86
200715618,8.14
200715722,7.65
200810431,9.34
200810517,7.16
200880028,10.98
200915864,7.31
200916289,8.70
201012065,8.44
201013417,5.66
201013572,8.16
201013689,9.69
201020026,7.20
201021737,10.73
201021787,8.33
201111964,10.44
201112081,6.30
201112149,8.14
201112161,7.28
201112184,9.94
201112270,8.40
201112350,9.71
201210553,10.35
201210562,8.89
201210642,7.50
201210645,10.03
201210673,9.53
201210682,9.90
201210683,9.49
201210691,10.80
201210705,9.50
201210732,4.50
201210744,6.66
201210755,9.04
201210766,8.76
201210823,9.00
201210847,10.99
201210870,11.29
201210897,7.84
201210900,7.61
201214713,10.99
201220297,8.33
201245563,8.89
201280026,9.53
201280027,8.55
201310522,8.85
201310541,9.86
201310551,9.34
201310562,13.13
201310564,10.48
201310568,10.53
201310571,7.88
201310594,12.27
201310612,8.40
201310613,10.39
201310614,8.53
201310621,9.95
201310648,8.63
201310654,8.85
201310657,11.51
201310667,10.46
201310669,8.33
201310670,9.75
201310676,9.41
201310688,10.35
201310697,11.30
201310699,9.09
201310700,11.66
201310703,11.94
201318169,7.69
201318215,9.62
201318218,9.11
201318376,11.08
201321724,11.95
201321729,10.14
201321740,7.01
201380007,11.97
201380027,8.55
201380041,10.10
