Carnet	Nota				
8818125	12.3				
200011847	11.7				
200518107	11.9				
200810498	7.1				
200918192	8.6				
200918257	8.0				
200924182	8.6				
201012302	10.2				
201013353	11.4				
201013442	7.7				
201112041	7.5				
201112136	9.6				
201112200	8.1				
201124099	9.0				
201180038	9.6				
201210602	9.0				
201210674	8.3				
201210675	11.7				
201210702	13.8				
201210706	5.3				
201210709	8.3				
201210710	11.0				
201210715	13.4				
201210718	7.8				
201210742	11.9				
201210754	11.6				
201210756	9.9				
201210773	11.1				
201210783	12.3				
201210794	8.3				
201210834	8.4				
201210905	13.4				
201220328	10.5				
201220335	7.5				
201220425	13.1				
201220445	8.6				
201222437	10.8				
201280028	12.0				
200512358	9.8				
200614400	4.8				
200614626	6.8				
200715463	10.0				
200715610	8.0				
200715765	6.5				
200780043	9.0				
200810495	9.3				
200810574	9.6				
200810590	9.2				
200811338	11.4				
200817309	6.6				
200916143	7.7				
200918165	10.4				
201013475	9.8				
201013477	7.7				
201013479	6.5				
201013609	9.8				
201112094	9.9				
201112131	9.9				
201112170	8.3				
201112233	10.7				
201112248	7.8				
201112278	8.6				
201112291	12.0				
201114635	10.5				
201180011	11.9				
201210538	10.5				
201210557	6.2				
201210563	10.2				
201210565	10.7				
201210646	9.9				
201210650	10.5				
201210681	11.6				
201210695	11.7				
201210739	9.8				
201210778	10.4				
201210882	9.6				
201220354	8.0				
200718236	6.6				
					
					
					
					
					
					
					
					
					
					
					
					
					
					
					
					
					
					
					
					
					
					
					
					
					
					
					
					
