9711549,9
200313754,7
200610921,11
200715618,10
200715722,12
200810431,7
200810517,13
200880028,13
200915864,12
201012065,14
201013417,12
201013493,12
201013572,10
201013689,13
201013765,9
201020026,13
201021737,11
201021787,11
201111964,12
201112081,12
201112149,9
201112161,9
201112184,11
201112270,6
201112350,11
201180011,7
201210553,12
201210562,11
201210642,12
201210645,13
201210673,8
201210682,13
201210683,6
201210691,12
201210705,12
201210732,11
201210766,9
201210823,11
201210828,12
201210847,13
201210870,12
201210897,11
201210900,11
201214713,10
201220297,9
201245563,10
201280026,12
201280027,10
201310522,11
201310541,14
201310551,13
201310562,13
201310564,13
201310568,13
201310571,12
201310575,7
201310594,14
201310612,12
201310613,10
201310614,10
201310621,14
201310648,11
201310654,14
201310657,13
201310667,12
201310669,10
201310670,13
201310676,13
201310688,11
201310697,13
201310699,9
201310700,11
201310703,9
201318169,11
201318215,10
201318218,13
201318347,11
201318376,14
201321724,14
201321729,12
201321740,13
201380007,13
201380027,13
201380041,13
