9711549,3.9
200313754,0.0
200512351,0.0
200610921,2.4
200715618,3.0
200715722,3.0
200810431,4.4
200810517,4.5
200880028,3.1
200915864,3.4
201012065,3.0
201013417,2.5
201013493,2.5
201013572,2.1
201013689,2.3
201013765,4.9
201020026,2.8
201021737,0.0
201021787,3.8
201111964,4.0
201112081,5.0
201112149,4.4
201112161,4.5
201112184,4.9
201112270,0.0
201112350,4.4
201180011,4.1
201210553,3.9
201210562,2.5
201210642,2.3
201210645,2.1
201210665,0.0
201210673,2.4
201210682,3.8
201210683,2.3
201210691,4.8
201210705,4.4
201210732,4.6
201210766,2.4
201210823,1.8
201210828,1.5
201210847,5.0
201210870,5.0
201210897,3.3
201210900,4.8
201214713,4.8
201220297,4.8
201245563,0.0
201280026,4.4
201280027,4.8
201310522,5.0
201310541,1.4
201310551,4.8
201310562,5.0
201310564,4.5
201310568,4.6
201310571,5.0
201310575,3.3
201310594,4.8
201310612,2.3
201310613,4.3
201310614,4.0
201310621,4.6
201310648,3.9
201310654,3.8
201310657,4.8
201310667,5.0
201310669,1.8
201310670,5.0
201310676,5.0
201310688,2.5
201310697,4.6
201310699,3.3
201310700,4.3
201310703,4.6
201318169,3.9
201318215,4.4
201318218,5.0
201318347,2.4
201318376,4.5
201321724,5.0
201321729,4.3
201321740,4.9
201380007,4.8
201380027,4.1
201380041,4.9
