9711549,9.1
200313754,5.1
200512351,0.0
200610921,6.7
200715618,8.9
200715722,8.6
200810431,9.5
200810517,9.9
200880028,6.2
200915864,8.9
201012065,5.0
201013417,9.4
201013493,3.6
201013572,0.0
201013689,9.2
201013765,7.2
201020026,5.0
201021737,7.9
201021787,0.0
201111964,9.5
201112081,9.7
201112149,3.2
201112161,9.1
201112184,9.2
201112270,3.1
201112350,8.6
201180011,3.6
201210553,8.7
201210562,3.6
201210642,8.0
201210645,7.6
201210665,0.0
201210673,5.8
201210682,4.8
201210683,3.0
201210691,7.1
201210705,3.0
201210732,9.3
201210766,7.3
201210823,6.2
201210828,0.0
201210847,9.2
201210870,9.2
201210897,6.2
201210900,9.7
201214713,10.0
201220297,2.4
201245563,2.6
201280026,8.5
201280027,8.5
201310522,8.1
201310541,1.2
201310551,9.9
201310562,10.0
201310564,9.0
201310568,3.6
201310571,3.8
201310575,5.3
201310594,7.6
201310612,6.4
201310613,1.2
201310614,6.6
201310621,6.0
201310648,8.9
201310654,1.4
201310657,9.3
201310667,8.3
201310669,6.4
201310670,10.0
201310676,10.0
201310688,6.6
201310697,6.4
201310699,9.3
201310700,6.4
201310703,9.2
201318169,8.4
201318215,9.7
201318218,9.1
201318347,7.5
201318376,9.9
201321724,8.6
201321729,9.8
201321740,2.4
201380007,10.0
201380027,7.6
201380041,8.4
