9711549,5
200313754,5
200512351,0
200610921,5
200715618,5
200715722,5
200810431,5
200810517,5
200880028,5
200915864,5
201012065,5
201013417,5
201013493,5
201013572,5
201013689,5
201013765,5
201020026,5
201021737,5
201021787,5
201111964,5
201112081,5
201112149,5
201112161,5
201112184,5
201112270,5
201112350,5
201180011,5
201210553,5
201210562,5
201210642,5
201210645,5
201210665,0
201210673,5
201210682,5
201210683,5
201210691,5
201210705,5
201210732,5
201210766,5
201210823,5
201210828,5
201210847,5
201210870,5
201210897,5
201210900,5
201214713,5
201220297,5
201245563,5
201280026,5
201280027,5
201310522,5
201310541,5
201310551,5
201310562,5
201310564,5
201310568,5
201310571,5
201310575,5
201310594,5
201310612,5
201310613,5
201310614,5
201310621,5
201310648,5
201310654,5
201310657,5
201310667,5
201310669,5
201310670,5
201310676,5
201310688,2.5
201310697,5
201310699,5
201310700,5
201310703,5
201318169,5
201318215,5
201318218,5
201318347,5
201318376,5
201321724,5
201321729,5
201321740,5
201380007,5
201380027,5
201380041,5
