CARNET,TEORIA
200313754,18
200317279,15
200512351,16
200610568,13
200610921,15
200715525,14
200715618,14
200715722,18
200718236,18
200810431,16
200810498,17
200811338,21
200811350,11
200817309,20
200880028,17
200915864,17
200915915,13
200916165,9
200918254,17
200980037,11
201012065,15
201013417,16
201013689,18
201013785,18
201020026,17
201021737,15
201021787,7
201111964,18
201112161,15
201112184,18
201112209,18
201112270,15
201112319,6
201112350,16
201124083,14
201180011,16
201210553,20
201210562,14
201210617,16
201210642,18
201210645,17
201210669,19
201210682,19
201210683,17
201210705,20
201210755,17
201210823,16
201210847,17
201210870,13
201210897,14
201210900,16
201214713,21
201220297,13
201220355,17
201245563,14
201280026,16
201310522,15
201310551,18
201310562,20
201310564,17
201310568,17
201310571,18
201310594,20
201310612,19
201310613,15
201310614,13
201310621,18
201310648,16
201310654,18
201310657,21
201310667,17
201310669,16
201310670,19
201310676,15
201310682,18
201310687,18
201310688,18
201310697,18
201310699,17
201310700,19
201310703,21
201318169,17
201318215,17
201318218,15
201318376,18
201321724,19
201321729,18
201321740,18
201380007,19
201380027,18
201380041,14
