Carnét,zona teroria
200610568,18
200717835,30
200910572,30
200915915,21
200916250,20
200980037,29
201013493,23
201013572,26
201013765,30
201015329,23
201021787,25
201112046,16
201112204,23
201119229,31
201124083,26
201210405,31
201210665,28
201210672,24
201210729,25
201220212,24
201220265,25
201220297,25
201310523,40
201310541,34
201310566,31
201310575,26
201310596,21
201310706,22
201318284,27
201318347,30
201318470,27
201321741,32
201322103,33
201400373,30
201400383,31
201400384,29
201400385,39
201400389,32
201400435,31
201400449,32
201400458,26
201400468,28
201400470,39
201400497,30
201400499,33
201400535,30
201400537,30
201400552,34
201400557,29
201400580,34
201400584,30
201400606,32
201400634,27
201400654,29
201400661,33
201400685,29
201400708,34
201400756,31
201400785,29
201400788,28
201407984,31
201407988,30
201408038,29
201413001,27
