carnét,zona lab
200610568,11
200717835,16
200910572,14
200915915,12
200916250,13
200980037,13
201013493,17
201013572,15
201013765,14
201015329,14
201021787,13
201112046,13
201112204,12
201119229,11
201124083,15
201210405,14
201210665,17
201210672,13
201210729,14
201220212,15
201220265,14
201220297,15
201310523,19
201310541,16
201310566,15
201310575,14
201310596,15
201310706,16
201318284,16
201318347,17
201318470,14
201321741,16
201322103,15
201400373,14
201400383,13
201400384,14
201400385,15
201400389,14
201400435,15
201400449,15
201400458,14
201400468,13
201400470,15
201400497,16
201400499,14
201400535,17
201400537,14
201400552,14
201400557,15
201400580,15
201400584,17
201400606,18
201400634,12
201400654,15
201400661,16
201400685,14
201400708,15
201400756,17
201400785,16
201400788,16
201407984,15
201407988,16
201408038,14
201413001,14
