CARNET,TEORIA
200313754,30
200317279,25
200512351,28
200610568,24
200610921,24
200715525,10
200715618,28
200715722,31
200718236,28
200810431,28
200810498,32
200811338,35
200811350,23
200817309,33
200880028,35
200915864,32
200915915,28
200916165,17
200918254,26
200980037,26
201012065,32
201013417,31
201013689,33
201013785,26
201020026,27
201021737,28
201021787,11
201111964,35
201112161,29
201112184,35
201112209,32
201112270,24
201112319,7
201112350,33
201124083,26
201180011,27
201210553,34
201210562,33
201210617,26
201210642,29
201210645,28
201210669,29
201210682,34
201210683,32
201210705,33
201210755,26
201210823,28
201210847,32
201210870,33
201210897,31
201210900,32
201214713,35
201220297,25
201220355,30
201245563,33
201280026,30
201310522,31
201310551,32
201310562,39
201310564,34
201310568,37
201310571,31
201310594,38
201310612,28
201310613,34
201310614,31
201310621,34
201310648,38
201310654,35
201310657,31
201310667,34
201310669,30
201310670,38
201310676,35
201310682,30
201310687,35
201310688,31
201310697,40
201310699,38
201310700,41
201310703,38
201318169,34
201318215,34
201318218,27
201318376,33
201321724,40
201321729,32
201321740,34
201380007,41
201380027,31
201380041,30
