,zonas lab
200717835,19
200817572,20
200915981,18
201013391,13
201013675,9
201119229,16
201210639,16
201214921,17
201220265,14
201310567,15
201310629,18
201318180,18
201321733,15
201321734,18
201321741,20
201321746,13
201321747,21
201322103,18
201400364,17
201400373,19
201400383,16
201400384,18
201400385,20
201400389,16
201400397,16
201400449,15
201400458,17
201400463,15
201400468,21
201400470,21
201400497,18
201400523,15
201400528,13
201400541,19
201400552,16
201400557,18
201400562,19
201400584,18
201400634,17
201400651,18
201400654,19
201400680,18
201400685,19
201400691,17
201400708,19
201400756,16
201400785,14
201407914,16
201407955,10
201407970,17
201407984,15
201407988,17
200614342,16
200710721,18
200715431,16
200718297,15
200817589,11
200915932,12
200916076,14
200918238,13
200921961,16
200942698,13
201013480,19
201013517,14
201112344,18
201119733,23
201210405,16
201210552,18
201210670,13
201210680,15
201210740,11
201210758,15
201210772,16
201210858,12
201210912,11
201310523,23
201310526,15
201310569,18
201310599,10
201310630,17
201310639,15
201310706,17
201310715,19
201315397,20
201318161,12
201318166,14
201318322,15
201318467,17
201318470,17
201400435,12
201400441,17
201400499,16
201400508,17
201400535,17
201400537,17
201400580,21
201400606,14
201400661,15
201400673,15
201400788,20
201407959,14
201408038,18
201413001,17
201413715,19
