,teoria
200717835,36
200817572,26
200915981,21
201013391,23
201013675,17
201119229,29
201210639,21
201214921,27
201220265,30
201310567,24
201310629,30
201318180,31
201321733,26
201321734,36
201321741,33
201321746,24
201321747,26
201322103,28
201400364,30
201400373,31
201400383,31
201400384,32
201400385,38
201400389,30
201400397,22
201400449,29
201400458,28
201400463,25
201400468,30
201400470,38
201400497,35
201400523,25
201400528,28
201400541,27
201400552,28
201400557,30
201400562,21
201400584,32
201400634,28
201400651,24
201400654,33
201400680,28
201400685,29
201400691,26
201400708,35
201400756,31
201400785,30
201407914,26
201407955,27
201407970,32
201407984,30
201407988,26
200614342,28
200710721,24
200715431,26
200718297,34
200817589,21
200915932,24
200916076,27
200918238,24
200921961,19
200942698,23
201013480,28
201013517,23
201112344,26
201119733,32
201210405,32
201210552,30
201210670,25
201210680,25
201210740,22
201210758,26
201210772,25
201210858,29
201210912,17
201310523,40
201310526,22
201310569,25
201310599,21
201310630,30
201310639,28
201310706,32
201310715,25
201315397,32
201318161,24
201318166,29
201318322,25
201318467,24
201318470,28
201400435,33
201400441,25
201400499,35
201400508,27
201400535,30
201400537,30
201400580,36
201400606,34
201400661,32
201400673,27
201400788,29
201407959,24
201408038,27
201413001,31
201413715,35
