CARNÉ,ZONA TEORIA
199910871,25
200320162,19
200680047,29
200915981,23
200916076,22
200916113,23
200916276,21
200918238,20
200921961,24
200942698,27
201013391,23
201013517,21
201112322,15
201112330,27
201117060,10
201210074,30
201210639,19
201210670,29
201210680,24
201210740,22
201210758,23
201210764,17
201210779,20
201210858,29
201210912,17
201220014,25
201220325,23
201220380,22
201310526,20
201310529,25
201310567,28
201310602,23
201310639,23
201310640,24
201310644,25
201310645,25
201310673,19
201310691,16
201310710,23
201315049,32
201318161,25
201318183,28
201318186,15
201318281,15
201318304,28
201318322,24
201321726,18
201321738,28
201321746,26
201321747,20
201321804,19
201330970,21
201345055,24
201400366,27
201400370,27
201400397,29
201400434,23
201400438,22
201400440,24
201400441,22
201400459,22
201400460,16
201400463,21
201400485,20
201400523,27
201400528,26
201400562,22
201400600,25
201400683,22
201400700,22
201400715,24
201407914,28
201407942,33
201407943,22
201407955,34
201407980,20
201408040,21
201408184,28
201408248,20
201411974,24
201502800,25
201502802,27
201502807,27
201502816,34
201502824,30
201502826,18
201502840,29
201502842,30
201502862,32
201502869,34
201502877,36
201502878,24
201502882,28
201502884,30
201502907,33
201502908,23
201502915,20
201502931,31
201502934,31
201502936,22
201502954,29
201502976,34
201502979,26
201502990,31
201502993,33
201503001,26
201503005,37
201503007,39
201503033,32
201503040,24
201503041,33
201503043,30
201503044,29
201503051,31
201503073,15
201503078,33
201503080,29
201503095,29
201503098,32
201503099,31
201503146,30
201503184,27
201503236,26
201503250,24
201503263,26
201503265,32
201503293,21
201503294,26
201503324,31
201503339,25
201513228,33
201513247,22
201513275,27
201513276,23
201513286,25
201513315,27
201513331,33
201513338,26
201513411,25
201513487,29
201513551,29
201513561,28
201516923,25
201580020,31
201580036,27
201580037,38
