Carné,Zona práctica
199910871,17
200320162,15
200680047,18
200915981,19
200916076,16
200916113,11
200916276,13
200918238,16
200921961,18
200942698,20
201013391,17
201013517,16
201112322,14
201112330,15
201117060,9
201210074,17
201210639,15
201210670,19
201210680,19
201210740,12
201210758,16
201210764,12
201210779,13
201210858,18
201210912,14
201220014,18
201220325,14
201220380,16
201310526,13
201310529,17
201310567,20
201310602,12
201310639,16
201310640,16
201310644,18
201310645,14
201310673,16
201310691,8
201310710,13
201315049,21
201318161,20
201318183,12
201318186,16
201318281,15
201318304,18
201318322,17
201321726,12
201321738,17
201321746,16
201321747,14
201321804,10
201330970,16
201345055,13
201400366,18
201400370,13
201400397,17
201400434,14
201400438,15
201400440,17
201400441,17
201400459,16
201400460,15
201400463,14
201400485,14
201400523,18
201400528,16
201400562,16
201400600,15
201400683,14
201400700,14
201400715,17
201407914,17
201407942,17
201407943,16
201407955,21
201407980,16
201408040,11
201408184,17
201408248,16
201411974,17
201502800,18
201502802,17
201502807,18
201502816,18
201502824,15
201502826,16
201502840,19
201502842,16
201502862,19
201502869,20
201502877,20
201502878,17
201502882,18
201502884,20
201502907,19
201502908,19
201502915,15
201502931,17
201502934,14
201502936,14
201502954,15
201502976,19
201502979,15
201502990,18
201502993,17
201503001,18
201503005,21
201503007,22
201503033,19
201503040,15
201503041,18
201503043,16
201503044,21
201503051,17
201503073,12
201503078,21
201503080,18
201503095,16
201503098,20
201503099,17
201503146,18
201503184,14
201503236,16
201503250,15
201503263,17
201503265,19
201503293,15
201503294,14
201503324,20
201503339,17
201513228,19
201513247,15
201513275,19
201513276,16
201513286,19
201513315,18
201513331,17
201513338,19
201513411,18
201513487,18
201513551,18
201513561,17
201516923,14
201580020,20
201580036,20
201580037,21
