CARNET,ZONA TEORIA 
200314980,20.07
200317279,28.46
200413951,20.95
200515183,19.69
200517617,19.94
200610568,26.54
200610588,21.91
200715722,28.09
200715751,24.93
200715754,25.75
200810498,30.85
200810604,18.81
200817535,26.37
200880004,18.10
200880028,28.41
200910572,29.18
200915860,23.34
200915864,28.48
200915915,28.83
200915942,23.88
200916250,26.99
200918254,29.93
201013493,21.65
201013689,32.75
201013765,30.44
201013785,29.49
201013807,20.85
201015329,22.07
201021787,30.68
201112204,24.86
201112232,24.60
201112319,30.12
201119674,25.14
201210562,33.04
201210617,25.75
201210665,26.16
201210682,27.65
201210705,33.58
201210847,28.79
201210870,31.08
201012065,24.67
201013409,24.72
201214713,34.56
201220212,24.50
201310562,30.46
201310566,29.87
201310594,35.29
201310596,20.35
201310614,26.09
201310657,33.29
201310667,31.21
201310670,30.60
201310676,31.07
201310687,29.01
201310703,29.88
201318284,24.14
201318347,25.04
201321724,37.78
201321729,24.00
8411638,22.51
201013417,29.38
201018707,26.60
201020026,23.32
201021737,27.80
201112046,21.67
201112080,25.33
201112161,24.39
201112184,27.16
201112209,31.83
201112270,23.20
201124083,24.51
201210553,27.52
201210655,20.74
201210672,27.65
201210683,25.91
201210729,26.28
201210823,27.93
201210897,29.22
201210900,27.34
201210904,23.76
201220309,18.48
201220355,33.74
201245563,33.01
201280026,21.98
201310522,23.81
201310541,21.65
201310551,27.17
201310564,28.51
201310568,23.84
201310571,26.02
201310575,22.94
201310612,25.53
201310613,28.18
201310621,26.89
201310648,33.30
201310654,26.61
201310669,28.70
201310682,25.32
201310688,21.32
201310697,36.50
201310699,31.77
201310700,31.21
201318169,27.82
201318215,26.66
201318218,26.84
201318376,26.10
201321740,23.77
201380007,35.98
201380027,26.66
201380041,28.80
,
,
