CARNET,ZONAS LAB
200314980,17.23
200317279,17.55
200413951,13.55
200515183,13.54
200517617,16.26
200610568,18.95
200610588,18.74
200715722,16.78
200715751,15.73
200715754,13.53
200810498,18.51
200810604,11.05
200817535,13.69
200880004,16.28
200880028,18.21
200910572,18.01
200915860,13.96
200915864,16.61
200915915,14.78
200915942,18.88
200916250,17.73
200918254,17.60
201013493,15.88
201013689,19.60
201013765,13.20
201013785,18.55
201013807,15.49
201015329,14.16
201021787,18.84
201112204,13.72
201112232,17.69
201112319,17.18
201119674,16.02
201210562,18.09
201210617,17.62
201210665,14.66
201210682,19.84
201210705,19.28
201210847,18.31
201210870,19.09
201012065,19.33
201013409,18.51
201214713,19.65
201220212,16.23
201310562,19.11
201310566,19.02
201310594,21.68
201310596,18.04
201310614,16.60
201310657,19.53
201310667,19.24
201310670,19.30
201310676,19.44
201310687,19.93
201310703,20.51
201318284,17.44
201318347,15.40
201321724,22.10
201321729,17.91
8411638,16.81
201013417,18.39
201018707,16.86
201020026,19.19
201021737,17.46
201112046,16.48
201112080,16.32
201112161,16.22
201112184,16.81
201112209,18.24
201112270,15.91
201124083,16.06
201210553,18.38
201210655,19.52
201210672,14.58
201210683,17.25
201210729,18.01
201210823,17.88
201210897,19.41
201210900,17.40
201210904,14.87
201220309,13.23
201220355,19.59
201245563,20.85
201280026,16.24
201310522,17.47
201310541,14.87
201310551,17.18
201310564,20.18
201310568,16.86
201310571,21.25
201310575,15.67
201310612,18.63
201310613,18.20
201310621,20.04
201310648,20.22
201310654,21.16
201310669,17.11
201310682,19.70
201310688,18.75
201310697,21.13
201310699,21.32
201310700,21.63
201318169,19.61
201318215,20.62
201318218,18.00
201318376,17.80
201321740,17.08
201380007,20.51
201380027,18.46
201380041,21.78
