carnet,zona practica
200314980,14
200614342,9
200715431,11
200715751,13
200717835,16
200718297,12
200817535,11
200817572,12
200880004,15
200915860,13
200916250,16
201013493,15
201013807,15
201015329,13
201018707,18
201112046,14
201112080,19
201112204,16
201119229,14
201119674,10
201210405,16
201210552,14
201210665,17
201210672,17
201210729,16
201210828,15
201210904,18
201214921,14
201220212,16
201220265,16
201220309,13
201310523,20
201310575,17
201310596,20
201310630,16
201310706,14
201318211,11
201318284,18
201318347,18
201318467,15
201318470,17
201321733,16
201321734,14
201321741,18
201322103,14
201400373,14
201400383,14
201400384,16
201400385,19
201400389,14
201400435,14
201400449,15
201400458,16
201400468,15
201400470,19
201400497,17
201400499,14
201400508,16
201400535,13
201400537,17
201400541,15
201400552,13
201400557,15
201400580,17
201400584,18
201400606,15
201400634,17
201400651,14
201400654,18
201400661,15
201400680,12
201400685,14
201400691,16
201400708,18
201400756,16
201400785,15
201400788,19
201407970,16
201407984,13
201407988,17
201408038,17
201413001,13
