carnet,zona teoria
200314980,23
200614342,13
200715431,17
200715751,27
200717835,30
200718297,23
200817535,19
200817572,20
200880004,20
200915860,24
200916250,25
201013493,25
201013807,24
201015329,28
201018707,31
201112046,29
201112080,26
201112204,26
201119229,27
201119674,21
201210405,22
201210552,21
201210665,26
201210672,28
201210729,30
201210828,21
201210904,22
201214921,17
201220212,30
201220265,25
201220309,21
201310523,40
201310575,28
201310596,32
201310630,21
201310706,27
201318211,20
201318284,24
201318347,30
201318467,25
201318470,25
201321733,20
201321734,16
201321741,29
201322103,32
201400373,30
201400383,29
201400384,24
201400385,36
201400389,27
201400435,27
201400449,30
201400458,26
201400468,26
201400470,37
201400497,29
201400499,27
201400508,22
201400535,30
201400537,25
201400541,22
201400552,33
201400557,21
201400580,28
201400584,27
201400606,25
201400634,26
201400651,23
201400654,30
201400661,33
201400680,23
201400685,27
201400691,28
201400708,34
201400756,28
201400785,25
201400788,26
201407970,28
201407984,29
201407988,23
201408038,28
201413001,26
