Carnet,Segundo Parcial
200717835,12.00
200817572,8.30
200915860,7.20
200915981,6.60
201013391,7.40
201013675,7.90
201112209,5.60
201119229,9.00
201214921,5.80
201220265,9.20
201310567,9.50
201318211,2.20
201321733,4.30
201321734,11.70
201321741,7.20
201321746,5.70
201321747,7.10
201322103,9.70
201400373,13.10
201400383,8.50
201400384,8.00
201400385,12.30
201400389,9.40
201400449,7.10
201400458,10.30
201400463,9.70
201400468,10.10
201400470,10.50
201400497,11.40
201400523,4.40
201400541,5.90
201400552,11.90
201400557,6.70
201400584,12.80
201400634,9.60
201400651,9.30
201400654,10.00
201400680,8.10
201400685,12.40
201400691,7.50
201400708,12.10
201400756,11.40
201400785,11.90
201407955,6.70
201407970,13.70
201407984,9.60
201407988,4.40
200515183,10.80
200710721,5.70
200715431,9.10
200810567,3.10
200817589,3.10
200910572,7.50
200921961,2.60
200942698,6.80
201018707,6.60
201112344,6.30
201210405,8.00
201210552,10.30
201210670,5.80
201210680,9.80
201210772,7.40
201210912,6.00
201310523,13.00
201310566,5.40
201310706,10.00
201318322,4.70
201318467,9.50
201318470,9.80
201400435,11.10
201400499,12.00
201400508,6.80
201400535,3.60
201400537,10.10
201400580,11.50
201400606,12.90
201400661,13.10
201400788,10.50
201408038,7.90
201413001,9.10
