Carnet,Cortos de Clase
200717835,10.00
200817572,10.00
200915860,4.72
200915981,9.30
201013391,7.35
201013675,3.88
201112209,1.67
201119229,7.63
201214921,7.08
201220265,9.43
201310567,8.53
201318211,4.85
201321733,6.52
201321734,10.00
201321741,8.87
201321746,4.85
201321747,6.50
201322103,9.57
201400373,8.60
201400383,7.35
201400384,10.00
201400385,10.00
201400389,7.50
201400449,10.00
201400458,7.63
201400463,8.47
201400468,10.00
201400470,10.00
201400497,6.93
201400523,5.27
201400541,4.58
201400552,9.53
201400557,10.00
201400584,6.67
201400634,8.05
201400651,10.00
201400654,7.67
201400680,10.00
201400685,10.00
201400691,6.38
201400708,10.00
201400756,10.00
201400785,8.45
201407955,5.27
201407970,9.85
201407984,10.00
201407988,6.38
200515183,1.80
200710721,3.33
200715431,10.00
200810567,0.00
200817589,2.50
200910572,7.78
200921961,2.50
200942698,4.67
201018707,6.67
201112344,2.77
201210405,6.67
201210552,6.95
201210670,9.02
201210680,7.63
201210772,6.38
201210912,7.77
201310523,10.00
201310566,6.25
201310706,8.33
201318322,4.78
201318467,10.00
201318470,9.83
201400435,10.00
201400499,6.12
201400508,9.58
201400535,7.22
201400537,10.00
201400580,10.00
201400606,8.88
201400661,6.25
201400788,10.00
201408038,7.50
201413001,4.17
