Carnet,Actividad
200680047,2.81
200916076,2.26
200921961,3.98
201013391,3.61
201013474,3.55
201013517,3.46
201013675,3.16
201112080,3.41
201112209,2.67
201112322,3.16
201112330,3.96
201117060,3.62
201119733,3.46
201210639,3.23
201210670,3.16
201210779,3.27
201210912,3.66
201310526,3.25
201310629,3.39
201310645,3.15
201310673,2.42
201310715,3.53
201315049,3.75
201315397,4.02
201318161,3.53
201318186,3.80
201321738,3.88
201321804,2.90
201330970,3.87
201345055,4.12
201400370,4.10
201400397,3.77
201400434,3.43
201400438,3.33
201400441,2.99
201400459,2.72
201400460,2.79
201400523,3.42
201400600,4.00
201400683,2.96
201400715,3.36
201407914,4.03
201408184,3.22
201411974,3.80
201502816,3.99
201502826,4.58
201502840,4.48
201502908,4.02
201502976,4.08
201502979,4.28
201502990,4.18
201503001,3.88
201503051,4.52
201503073,3.53
201503078,4.38
201503080,3.42
201503095,3.74
201503098,4.15
201503146,4.39
201503184,3.32
201503294,3.79
201503324,3.99
201513275,4.55
201513276,4.38
201513286,4.41
201513338,4.21
201513411,4.52
201513487,3.65
201513551,4.61
201513561,4.09
201580036,4.18
199910871,4.18
200710721,3.42
200718286,3.58
200916276,4.04
201013444,4.24
201013480,4.12
201210074,4.06
201210758,4.39
201210858,3.96
201220014,4.07
201310529,4.34
201310602,4.18
201310639,3.14
201310640,3.55
201310644,2.48
201318166,3.81
201318180,3.29
201318304,4.71
201318322,3.83
201321726,3.39
201321733,3.36
201321747,3.13
201400364,3.94
201400366,3.38
201400440,3.56
201400485,1.71
201400528,3.64
201400541,4.14
201400562,4.08
201400673,3.55
201400691,4.51
201407943,3.64
201408040,3.78
201408248,3.44
201413715,4.23
201502800,4.16
201502802,4.20
201502807,4.33
201502824,4.33
201502842,4.21
201502862,4.00
201502869,4.12
201502877,4.56
201502878,3.45
201502882,4.31
201502907,4.53
201502915,4.11
201502931,3.75
201502934,3.50
201502936,4.06
201502954,4.29
201502993,4.02
201503005,4.43
201503007,4.05
201503033,4.37
201503040,3.90
201503041,3.90
201503043,3.40
201503044,4.67
201503099,3.81
201503236,3.88
201503250,3.13
201503263,3.97
201503265,3.66
201503293,3.14
201503339,4.19
201513228,4.25
201513247,3.72
201513315,3.95
201513331,4.11
201580020,4.61
201580037,4.37
