Carnet,Tarea
200680047,3.39
200916076,0.53
200921961,4.64
201013391,3.36
201013474,3.14
201013517,4.00
201013675,3.25
201112080,4.11
201112209,2.71
201112322,4.18
201112330,3.54
201117060,4.29
201119733,4.21
201210639,4.07
201210670,4.32
201210779,3.79
201210912,4.29
201310526,2.93
201310629,3.82
201310645,4.68
201310673,2.29
201310715,3.61
201315049,3.24
201315397,3.75
201318161,2.43
201318186,4.43
201321738,4.25
201321804,2.54
201330970,3.36
201345055,3.50
201400370,3.60
201400397,3.61
201400434,4.46
201400438,3.86
201400441,4.25
201400459,2.64
201400460,4.25
201400523,4.20
201400600,3.46
201400683,3.50
201400715,3.11
201407914,3.96
201408184,4.82
201411974,4.33
201502816,4.86
201502826,4.19
201502840,4.46
201502908,4.34
201502976,4.75
201502979,3.29
201502990,3.93
201503001,4.04
201503051,4.40
201503073,2.75
201503078,4.71
201503080,3.54
201503095,4.68
201503098,4.32
201503146,4.64
201503184,4.50
201503294,3.82
201503324,3.43
201513275,3.71
201513276,4.64
201513286,4.00
201513338,3.54
201513411,4.79
201513487,4.21
201513551,4.79
201513561,4.61
201580036,3.76
199910871,4.46
200710721,3.29
200718286,3.86
200916276,4.56
201013444,3.25
201013480,4.43
201210074,4.75
201210758,3.71
201210858,4.14
201220014,4.10
201310529,4.57
201310602,3.61
201310639,3.75
201310640,3.11
201310644,3.14
201318166,4.68
201318180,3.43
201318304,4.29
201318322,4.07
201321726,3.71
201321733,3.57
201321747,3.14
201400364,3.07
201400366,4.25
201400440,2.54
201400485,2.86
201400528,3.43
201400541,2.96
201400562,4.25
201400673,3.89
201400691,4.29
201407943,3.75
201408040,4.54
201408248,2.86
201413715,3.71
201502800,3.25
201502802,3.75
201502807,4.64
201502824,4.75
201502842,4.61
201502862,4.89
201502869,4.71
201502877,4.46
201502878,4.54
201502882,4.68
201502907,4.29
201502915,3.14
201502931,3.82
201502934,4.21
201502936,3.25
201502954,4.79
201502993,4.97
201503005,4.76
201503007,3.96
201503033,4.82
201503040,4.14
201503041,4.11
201503043,4.46
201503044,3.93
201503099,2.43
201503236,4.00
201503250,3.21
201503263,3.71
201503265,4.00
201503293,4.21
201503339,4.61
201513228,4.14
201513247,4.57
201513315,4.75
201513331,4.54
201580020,4.89
201580037,4.82
