carnet,I parcial
200680047,9.46
200916076,0
200921961,8.94
201013391,9.11
201013474,9.4
201013517,8.52
201013675,6.15
201112080,6.97
201112209,6.54
201112322,8.65
201112330,10.95
201117060,6.45
201119733,8.27
201210639,8.82
201210670,9.72
201210779,7.63
201210912,8.47
201310526,8.09
201310629,8.29
201310645,9.96
201310673,7.01
201310715,7.7
201315049,11.85
201315397,9.84
201318161,9.91
201318186,6.06
201321738,9.75
201321804,7.51
201330970,6.81
201345055,8.88
201400370,7.19
201400397,7.66
201400434,9.33
201400438,9.49
201400441,7.27
201400459,10.44
201400460,3.8
201400523,9.87
201400600,6.75
201400683,9.11
201400715,8.48
201407914,10.47
201408184,10.02
201411974,10.03
201502816,12.96
201502826,8.59
201502840,12.51
201502908,8.92
201502976,12.3
201502979,8.72
201502990,9.31
201503001,10.06
201503051,10.14
201503073,12.08
201503078,13.72
201503080,11.2
201503095,8.32
201503098,11.77
201503146,10
201503184,10.43
201503294,8.33
201503324,9.27
201513275,11.34
201513276,10.16
201513286,11.6
201513338,10.95
201513411,11.01
201513487,10.82
201513551,7.52
201513561,4.8
201580036,10.99
199910871,9.02
200710721,8.65
200718286,8.29
200916276,8.31
201013444,7.48
201013480,9.16
201210074,12.6
201210758,10.3
201210858,7.96
201220014,8.27
201310529,10.48
201310602,7.99
201310639,7.59
201310640,9.59
201310644,8.91
201318166,13.19
201318180,6.23
201318304,10.78
201318322,8.39
201321726,5.34
201321733,5.58
201321747,8.09
201400364,9.13
201400366,10.97
201400440,7.8
201400485,9.27
201400528,7.7
201400541,11.95
201400562,4.79
201400673,10.38
201400691,11.15
201407943,10.05
201408040,5.41
201408248,9.04
201413715,10.6
201502800,7.8
201502802,10.79
201502807,11.17
201502824,11.92
201502842,10.64
201502862,11.46
201502869,12.93
201502877,11.73
201502878,9.07
201502882,10.1
201502907,10.48
201502915,7.66
201502931,13.22
201502934,11.46
201502936,7.47
201502954,11.47
201502993,11.51
201503005,13.05
201503007,12.92
201503033,10.17
201503040,9.36
201503041,11.77
201503043,12.48
201503044,12.95
201503099,12.17
201503236,12.41
201503250,6.62
201503263,7.83
201503265,10.09
201503293,7.62
201503339,10.48
201513228,10.76
201513247,7.25
201513315,8.43
201513331,10.88
201580020,11.71
201580037,11.21
