carnet,Actividades
200717835,3.98
200817572,4.03
200915860,4.37
200915981,2.06
201013391,3.91
201013675,3.60
201112209,3.08
201119229,3.54
201214921,4.51
201220265,4.40
201310567,4.04
201318211,3.89
201321733,4.10
201321734,4.40
201321741,3.49
201321746,3.18
201321747,3.69
201322103,3.53
201400373,2.79
201400383,4.04
201400384,4.47
201400385,4.43
201400389,4.13
201400449,4.44
201400458,4.60
201400463,3.23
201400468,4.18
201400470,4.54
201400497,4.39
201400523,4.43
201400541,4.76
201400552,4.37
201400557,4.38
201400584,3.80
201400634,4.60
201400651,4.51
201400654,3.77
201400680,3.40
201400685,4.34
201400691,4.03
201400708,4.04
201400756,3.59
201400785,4.39
201407955,2.81
201407970,4.19
201407984,4.20
201407988,4.25
200515183,3.44
200710721,2.54
200715431,3.72
200810567,1.06
200817589,2.10
200910572,3.86
200921961,0.81
200942698,4.71
201018707,4.14
201112344,3.49
201210405,1.71
201210552,4.26
201210670,3.86
201210680,4.07
201210772,3.94
201210912,3.11
201310523,4.40
201310566,4.07
201310706,3.83
201318322,2.76
201318467,3.61
201318470,4.40
201400435,3.98
201400499,4.59
201400508,4.13
201400535,4.06
201400537,4.52
201400580,4.59
201400606,4.37
201400661,3.30
201400788,4.27
201408038,4.04
201413001,4.68
