Carnet,Primer parcial
200717835,13.75
200817572,8.75
200915860,12.55
200915981,10.00
201013391,8.45
201013675,4.40
201112209,6.95
201119229,13.25
201214921,10.20
201220265,11.65
201310567,6.60
201318211,6.45
201321733,10.75
201321734,14.00
201321741,12.80
201321746,10.30
201321747,9.45
201322103,10.75
201400373,10.30
201400383,12.95
201400384,9.00
201400385,14.00
201400389,11.50
201400449,10.20
201400458,9.55
201400463,8.85
201400468,11.90
201400470,12.35
201400497,14.00
201400523,10.65
201400541,6.00
201400552,12.15
201400557,12.85
201400584,13.50
201400634,13.75
201400651,8.85
201400654,11.85
201400680,6.90
201400685,13.35
201400691,8.50
201400708,13.90
201400756,12.50
201400785,13.50
201407955,9.45
201407970,13.45
201407984,13.80
201407988,8.25
200320162,0.00
200515183,12.95
200710721,7.60
200715431,10.55
200718286,8.00
200810567,6.60
200817589,2.30
200910572,14.00
200921961,1.40
200942698,6.40
201018707,11.50
201112344,6.70
201210405,12.60
201210552,12.05
201210670,7.20
201210680,9.90
201210772,11.80
201210912,0.40
201310523,13.80
201310566,12.65
201310706,7.80
201318322,6.10
201318467,7.20
201318470,10.20
201400435,12.75
201400499,12.80
201400508,10.35
201400535,11.40
201400537,11.60
201400580,14.00
201400606,6.30
201400661,11.90
201400788,7.25
201408038,10.05
201413001,11.15
