carnet,Laboratorio
200680047,11.77
200916076,10.21
200921961,10.43
201013391,11.50
201013474,11.63
201013517,11.50
201013675,11.50
201112080,10.43
201112209,10.43
201112322,11.50
201112330,10.76
201117060,10.76
201119733,10.43
201210639,9.85
201210670,10.71
201210779,10.10
201210912,11.50
201310526,9.85
201310629,11.94
201310645,10.71
201310673,9.85
201310715,9.85
201315049,10.98
201315397,9.52
201318161,9.85
201318186,10.76
201321738,11.53
201321804,10.71
201330970,11.25
201345055,11.20
201400370,11.94
201400397,10.76
201400434,11.94
201400438,9.52
201400441,9.52
201400459,11.53
201400460,9.52
201400523,10.76
201400600,11.94
201400683,9.52
201400715,11.53
201407914,10.76
201408184,10.98
201411974,11.13
201502816,11.94
201502826,11.77
201502840,11.77
201502908,11.13
201502976,10.98
201502979,11.13
201502990,11.25
201503001,11.20
201503051,11.13
201503073,11.20
201503078,11.25
201503080,11.20
201503095,11.13
201503098,10.98
201503146,11.77
201503184,10.71
201503294,10.71
201503324,10.98
201513275,11.34
201513276,11.34
201513286,11.34
201513338,11.20
201513411,11.34
201513487,11.77
201513551,11.34
201513561,11.13
201580036,11.25
199910871,12.92
200710721,12.69
200718286,9.95
200916276,11.63
201013444,12.08
201013480,10.56
201210074,12.27
201210758,12.08
201210858,12.08
201220014,11.63
201310529,12.27
201310602,9.95
201310639,9.95
201310640,11.33
201310644,11.33
201318166,12.42
201318180,11.37
201318304,12.92
201318322,10.56
201321726,11.37
201321733,11.37
201321747,11.98
201400364,10.71
201400366,10.71
201400440,10.71
201400485,11.84
201400528,10.71
201400541,11.37
201400562,10.56
201400673,10.56
201400691,11.37
201407943,10.56
201408040,10.71
201408248,11.33
201413715,12.08
201502800,11.84
201502802,9.95
201502807,11.84
201502824,12.27
201502842,9.95
201502862,12.27
201502869,12.42
201502877,12.58
201502878,11.63
201502882,11.73
201502907,12.32
201502915,12.69
201502931,12.69
201502934,12.92
201502936,12.27
201502954,12.92
201502993,12.42
201503005,12.69
201503007,12.69
201503033,12.58
201503040,12.58
201503041,12.42
201503043,10.53
201503044,12.92
201503099,10.53
201503236,11.33
201503250,11.33
201503263,10.53
201503265,10.53
201503293,10.53
201503339,11.84
201513228,12.58
201513247,11.84
201513315,11.84
201513331,12.58
201580020,11.63
201580037,11.63
