carnet,II parcial
200680047,10.32
200916076,9.81
200921961,9.43
201013391,8.64
201013474,9.14
201013517,8
201013675,4.93
201112080,8.46
201112209,9.79
201112322,7.46
201112330,8.74
201117060,6.07
201119733,8.95
201210639,8.08
201210670,9.57
201210779,7.46
201210912,9.72
201310526,7.84
201310629,11.23
201310645,8.9
201310673,7.51
201310715,9.08
201315049,11.18
201315397,10.89
201318161,9.99
201318186,7.86
201321738,9.01
201321804,7.66
201330970,8.28
201345055,4.91
201400370,7.77
201400397,8.87
201400434,8.68
201400438,6.22
201400441,7.77
201400459,9.54
201400460,3.5
201400523,9.17
201400600,6.13
201400683,8.56
201400715,9.53
201407914,10.7
201408184,9.9
201411974,9.88
201502816,11.45
201502826,7.64
201502840,11.83
201502908,8.6
201502976,10.13
201502979,6.34
201502990,8.52
201503001,9.15
201503051,9.56
201503073,8.11
201503078,12.52
201503080,11.11
201503095,9.32
201503098,12.35
201503146,10.24
201503184,10.63
201503294,11.25
201503324,10.96
201513275,11.51
201513276,8.35
201513286,7.47
201513338,9.75
201513411,11.32
201513487,9.23
201513551,12.35
201513561,9.11
201580036,9.47
199910871,9.86
200710721,8.86
200718286,7.84
200916276,6.92
201013444,9.47
201013480,6.54
201210074,8.99
201210758,6.44
201210858,8.83
201220014,7.4
201310529,8.07
201310602,9.28
201310639,8.02
201310640,11.23
201310644,10.86
201318166,9.55
201318180,9.12
201318304,8.6
201318322,7.26
201321726,5.71
201321733,10.68
201321747,6.95
201400364,10.09
201400366,7.79
201400440,7.21
201400485,4.61
201400528,7.87
201400541,10.35
201400562,6.69
201400673,11.08
201400691,10.24
201407943,7.26
201408040,7.1
201408248,8.62
201413715,10.84
201502800,10.7
201502802,9.83
201502807,7.16
201502824,8.27
201502842,8.51
201502862,13.5
201502869,11.47
201502877,13.41
201502878,9.03
201502882,6.7
201502907,9.86
201502915,7.82
201502931,11.12
201502934,11.31
201502936,5.41
201502954,9.55
201502993,10.54
201503005,11.06
201503007,11.34
201503033,9.71
201503040,8.46
201503041,9.6
201503043,7.2
201503044,10.5
201503099,11.84
201503236,9.68
201503250,8.07
201503263,8.06
201503265,8.98
201503293,7.94
201503339,10.58
201513228,9.88
201513247,5.22
201513315,8.49
201513331,10.55
201580020,10.97
201580037,13.57
