carnet,Laboratorios
200717835,11.81
200817572,10.78
200915860,10.83
200915981,9.03
201013391,9.24
201013675,6.53
201112209,9.66
201119229,10.53
201214921,11.60
201220265,9.62
201310567,9.48
201318211,8.96
201321733,8.32
201321734,12.45
201321741,11.43
201321746,9.42
201321747,7.67
201322103,10.53
201400373,10.31
201400383,9.81
201400384,9.62
201400385,10.57
201400389,10.03
201400449,9.92
201400458,10.87
201400463,9.33
201400468,11.63
201400470,12.41
201400497,11.29
201400523,8.36
201400541,8.01
201400552,9.67
201400557,10.13
201400584,12.31
201400634,11.52
201400651,9.74
201400654,11.48
201400680,8.47
201400685,9.30
201400691,7.84
201400708,11.11
201400756,9.50
201400785,10.34
201407955,10.90
201407970,10.13
201407984,10.63
201407988,10.38
200515183,9.40
200710721,7.16
200715431,14.31
200810567,5.03
200817589,3.71
200910572,12.28
200921961,6.68
200942698,8.25
201018707,10.55
201112344,9.22
201210405,9.44
201210552,12.16
201210670,7.21
201210680,8.34
201210772,10.15
201210912,8.21
201310523,12.61
201310566,13.22
201310706,9.34
201318322,6.65
201318467,10.27
201318470,11.39
201400435,9.07
201400499,9.76
201400508,10.07
201400535,9.50
201400537,9.82
201400580,13.50
201400606,10.83
201400661,9.90
201400788,11.37
201408038,9.99
201413001,10.01
