carnet,Corto Teoría
200680047,6.36
200916076,4.29
200921961,4.32
201013391,6.00
201013474,4.86
201013517,1.54
201013675,5.50
201112080,2.57
201112209,1.75
201112322,4.25
201112330,4.25
201117060,3.14
201119733,5.04
201210639,6.18
201210670,4.46
201210779,3.86
201210912,5.35
201310526,2.96
201310629,6.82
201310645,4.14
201310673,4.39
201310715,4.89
201315049,9.46
201315397,6.39
201318161,4.86
201318186,3.29
201321738,3.36
201321804,4.29
201330970,4.07
201345055,4.00
201400370,6.71
201400397,5.14
201400434,6.54
201400438,4.82
201400441,5.21
201400459,4.68
201400460,2.61
201400523,4.64
201400600,5.71
201400683,6.32
201400715,5.04
201407914,6.82
201408184,5.61
201411974,5.79
201502816,6.89
201502826,4.25
201502840,7.32
201502908,5.00
201502976,6.43
201502979,4.14
201502990,5.46
201503001,6.14
201503051,6.68
201503073,3.93
201503078,7.96
201503080,6.50
201503095,2.43
201503098,7.36
201503146,5.93
201503184,4.14
201503294,6.43
201503324,5.61
201513275,5.36
201513276,4.75
201513286,4.50
201513338,4.68
201513411,5.75
201513487,6.36
201513551,7.07
201513561,5.46
201580036,6.39
199910871,3.85
200710721,2.82
200718286,1.64
200916276,2.64
201013444,3.14
201013480,4.04
201210074,4.79
201210758,4.32
201210858,6.21
201220014,4.18
201310529,3.71
201310602,1.89
201310639,1.79
201310640,4.07
201310644,4.64
201318166,5.18
201318180,3.64
201318304,3.79
201318322,4.07
201321726,2.36
201321733,1.89
201321747,2.11
201400364,3.82
201400366,3.36
201400440,2.64
201400485,2.43
201400528,3.50
201400541,4.00
201400562,3.89
201400673,5.21
201400691,7.07
201407943,4.86
201408040,3.23
201408248,4.71
201413715,6.93
201502800,4.25
201502802,4.79
201502807,4.86
201502824,3.07
201502842,5.71
201502862,6.71
201502869,8.00
201502877,6.54
201502878,5.00
201502882,5.64
201502907,6.36
201502915,3.75
201502931,4.96
201502934,5.68
201502936,3.11
201502954,4.07
201502993,5.46
201503005,6.50
201503007,7.36
201503033,6.36
201503040,3.79
201503041,6.54
201503043,3.57
201503044,4.96
201503099,7.11
201503236,2.89
201503250,2.96
201503263,4.39
201503265,6.57
201503293,2.57
201503339,3.96
201513228,4.86
201513247,4.18
201513315,4.61
201513331,4.61
201580020,5.82
201580037,9.50
