Carnet,Trabajo de investigación
200717835,7.00
200817572,6.00
200915860,5.88
200915981,7.25
201013391,9.08
201013675,7.00
201112209,5.25
201119229,8.20
201214921,6.63
201220265,5.95
201310567,8.50
201318211,8.13
201321733,8.88
201321734,8.88
201321741,6.75
201321746,8.75
201321747,5.00
201322103,7.75
201400373,8.25
201400383,8.58
201400384,8.83
201400385,8.50
201400389,7.50
201400449,8.45
201400458,8.88
201400463,7.83
201400468,8.00
201400470,7.88
201400497,7.50
201400523,6.88
201400541,7.50
201400552,6.75
201400557,7.13
201400584,7.75
201400634,8.13
201400651,7.50
201400654,6.50
201400680,8.20
201400685,7.08
201400691,6.13
201400708,8.33
201400756,8.13
201400785,8.33
201407955,8.00
201407970,8.38
201407984,8.75
201407988,8.25
200515183,5.13
200710721,6.75
200715431,8.50
200810567,0.00
200817589,1.25
200910572,8.63
200921961,3.00
200942698,8.00
201018707,9.25
201112344,5.75
201210405,9.25
201210552,7.75
201210670,9.25
201210680,7.75
201210772,8.25
201210912,7.00
201310523,9.75
201310566,8.00
201310706,9.75
201318322,5.50
201318467,9.00
201318470,8.50
201400435,9.13
201400499,7.75
201400508,8.00
201400535,9.00
201400537,9.75
201400580,9.25
201400606,9.75
201400661,8.50
201400788,9.00
201408038,8.25
201413001,7.38
