Carnet,Trabajo de campo
200680047,4.03
200916076,1.87
200921961,4.40
201013391,2.93
201013474,1.64
201013517,2.93
201013675,2.93
201112080,4.40
201112209,4.40
201112322,2.93
201112330,1.40
201117060,1.40
201119733,4.40
201210639,1.82
201210670,1.95
201210779,4.40
201210912,2.93
201310526,1.82
201310629,3.60
201310645,1.95
201310673,1.82
201310715,1.82
201315049,2.77
201315397,1.93
201318161,1.82
201318186,1.40
201321738,1.64
201321804,1.95
201330970,1.87
201345055,4.22
201400370,3.60
201400397,1.40
201400434,3.60
201400438,1.93
201400441,1.93
201400459,1.64
201400460,1.93
201400523,1.40
201400600,3.60
201400683,1.93
201400715,1.64
201407914,1.40
201408184,2.77
201411974,5.00
201502816,3.60
201502826,4.03
201502840,4.03
201502908,5.00
201502976,2.77
201502979,5.00
201502990,1.87
201503001,4.22
201503051,5.00
201503073,4.22
201503078,1.87
201503080,4.22
201503095,5.00
201503098,2.77
201503146,4.03
201503184,1.95
201503294,1.95
201503324,2.77
201513275,3.89
201513276,3.89
201513286,3.89
201513338,4.22
201513411,3.89
201513487,4.03
201513551,3.89
201513561,5.00
201580036,1.87
199910871,2.18
200710721,3.30
200718286,3.83
200916276,3.05
201013444,4.50
201013480,1.45
201210074,3.15
201210758,4.50
201210858,4.50
201220014,3.05
201310529,3.15
201310602,3.83
201310639,3.83
201310640,3.33
201310644,3.33
201318166,3.55
201318180,3.85
201318304,2.18
201318322,1.45
201321726,3.85
201321733,3.85
201321747,4.50
201400364,3.20
201400366,3.20
201400440,3.20
201400485,3.53
201400528,3.20
201400541,3.85
201400562,1.45
201400673,1.45
201400691,3.85
201407943,1.45
201408040,3.20
201408248,3.33
201413715,4.50
201502800,3.53
201502802,3.83
201502807,3.53
201502824,3.15
201502842,3.83
201502862,3.15
201502869,3.55
201502877,3.21
201502878,3.05
201502882,3.05
201502907,3.55
201502915,3.30
201502931,3.30
201502934,2.18
201502936,3.15
201502954,2.18
201502993,3.55
201503005,3.30
201503007,3.30
201503033,3.21
201503040,3.21
201503041,3.55
201503043,1.20
201503044,2.18
201503099,1.20
201503236,3.33
201503250,3.33
201503263,1.20
201503265,1.20
201503293,1.20
201503339,3.53
201513228,3.21
201513247,3.53
201513315,3.53
201513331,3.21
201580020,3.05
201580037,3.05
