Carné,Nota
200317279,8.18
200413945,0
200413951,7.21
200614342,7.21
200715577,6.79
200715751,7.21
200715754,7.9
200718297,6.99
200810517,6.99
200880004,7.9
200880028,6.99
200915864,8.18
200916113,4.5
200916250,7.21
200980037,6.99
201013493,6.54
201013689,7.7
201013765,9.6
201013785,7.21
201013807,6.54
201112204,6.54
201112232,6.54
201210562,8.18
201210617,7.7
201210665,6.54
201210682,7.21
201210705,8.18
201210847,7.7
201210870,6.99
201214713,7.7
201220212,7.02
201220297,8.18
201280027,9.6
201310562,8.21
201310594,9.6
201310596,7.02
201310614,7.7
201310657,7.7
201310667,8.21
201310670,7.02
201310676,7.02
201310703,7.02
201318347,8.21
201321724,8.21
201321729,8.21
200715618,6.2
200810417,2.99
201012065,6.2
201013417,8.2
201020026,6.2
201112046,5.99
201112161,5.99
201112184,6.2
201210553,7.61
201210642,8.2
201210645,5.97
201210655,6.2
201210683,8.2
201210729,8.2
201210740,5.99
201210823,6.99
201210900,6.2
201210904,5.97
201220309,5.99
201220355,5.97
201245563,5.99
201280026,8.2
201310522,6.44
201310541,5.97
201310551,6.31
201310564,8.88
201310568,6.31
201310571,6.31
201310575,6.99
201310612,6.44
201310613,5.97
201310621,6.99
201310648,8.88
201310654,6.99
201310669,8.88
201310682,6.44
201310688,6.44
201310697,8.88
201310699,6.44
201310700,8.88
201318169,7.61
201318215,6.31
201318218,7.61
201318376,6.99
201321740,6.31
201380007,6.31
201380027,7.61
201380041,7.61
