Carné,II Parcial
200317279,8.32
200413945,0
200413951,7.8
200614342,8.97
200715577,7.2
200715751,5.92
200715754,4.58
200718297,9.3
200810517,7.2
200880004,11.3
200880028,9.68
200915864,7.5
200916113,2.55
200916250,6.75
200980037,8.9
201013493,12.62
201013689,7.12
201013765,9.08
201013785,7.65
201013807,9.85
201112204,10.97
201112232,12.12
201210562,7.5
201210617,12.75
201210665,13.4
201210682,14.2
201210705,12.98
201210847,9.38
201210870,12.87
201214713,10.35
201220212,10.8
201220297,10.4
201280027,10.35
201310562,14.37
201310594,11.82
201310596,10.55
201310614,8.4
201310657,13.22
201310667,10.65
201310670,14.72
201310676,10.18
201310703,12.74
201318347,8.55
201321724,13.37
201321729,8.02
200715618,5.85
200810417,5.85
201012065,5.7
201013417,7.58
201020026,9.45
201112046,11.57
201112161,6.38
201112184,6.68
201210553,12.45
201210642,11.55
201210645,12.08
201210655,6.98
201210683,11.6
201210729,10.28
201210740,8.1
201210823,10.05
201210900,9.58
201210904,5.93
201220309,6.6
201220355,9.12
201245563,12.72
201280026,9.9
201310522,11.44
201310541,13.05
201310551,7.73
201310564,10.92
201310568,8.55
201310571,11.15
201310575,10.13
201310612,10.13
201310613,11.22
201310621,8.4
201310648,9.68
201310654,12.54
201310669,9.6
201310682,7.95
201310688,11.37
201310697,13.62
201310699,11.48
201310700,12.68
201318169,10.65
201318215,10.02
201318218,8.9
201318376,11.18
201321740,9.23
201380007,13
201380027,11.55
201380041,12.53
