Carnet,II Parcial
200515380,3.34
200610568,9.4
200614382,4.46
200715525,4.9
200715577,8.03
200717835,7.8
200810417,8.75
200915981,5.14
200980037,9.67
201119229,6.06
201119674,4.08
201210405,6.39
201210680,6.6
201210740,4.26
201214921,7.23
201220309,4.12
201310706,6.31
201318284,5.98
201318470,9.79
201321741,6.79
201322103,9.92
201400373,11.16
201400383,7
201400384,6.02
201400385,9.92
201400389,9.06
201400435,9.8
201400449,9.98
201400463,4.53
201400468,8.58
201400470,11.34
201400497,9.73
201400535,5.63
201400552,9.37
201400557,7.47
201400584,12.66
201400654,9.06
201400680,8.53
201400685,7.9
201400708,8.64
201400756,10.01
201400785,4.24
201407955,12.17
201407970,11.15
201407984,7.74
200314980,4.95
200317279,9.99
200515183,5.53
200610588,8.65
200614342,6.84
200715431,5.58
200715751,5.88
200718297,8.93
200817572,4.28
200880004,7.49
200910572,7.6
200915915,5.33
200916165,5.01
200916250,8.55
200942698,4.93
201013807,7
201210669,9.87
201210672,7.28
201210904,6.91
201220265,9.05
201220355,7.54
201310523,13.93
201310566,7.69
201310567,0
201310630,4.55
201310687,6.8
201318211,5.31
201318467,5.62
201321734,7.97
201400458,4.28
201400499,9.94
201400508,5.04
201400537,8.14
201400580,11
201400606,11.19
201400634,7.37
201400651,5.93
201400661,8.74
201400788,7.06
201407988,6.48
201408038,6.96
201413001,7.48
