Carnet,Trabajos de clase
200515380,3.81
200610568,3.50
200614382,3.70
200715525,3.78
200715577,3.83
200717835,3.63
200810417,4.02
200915981,3.68
200980037,3.87
201119229,3.77
201119674,3.95
201210405,4.00
201210680,3.92
201210740,3.65
201214921,2.73
201220309,3.41
201310706,3.71
201318284,3.28
201318470,2.94
201321741,3.14
201322103,3.68
201400373,3.91
201400383,3.58
201400384,3.89
201400385,3.86
201400389,4.11
201400435,3.96
201400449,3.61
201400463,3.75
201400468,4.15
201400470,4.08
201400497,4.04
201400535,3.74
201400552,4.18
201400557,3.77
201400584,3.31
201400654,4.12
201400680,3.79
201400685,3.95
201400708,4.42
201400756,3.95
201400785,3.67
201407955,4.25
201407970,4.24
201407984,4.11
200314980,2.70
200317279,3.30
200515183,3.22
200610588,3.07
200614342,3.46
200715431,4.20
200715751,3.29
200718297,3.73
200817572,3.15
200880004,2.51
200910572,4.01
200915915,3.47
200916165,3.63
200916250,3.60
200942698,3.77
201013807,3.30
201210669,3.74
201210672,3.98
201210904,2.88
201220265,3.88
201220355,1.38
201310523,4.49
201310566,3.96
201310567,3.27
201310630,3.18
201310687,4.11
201318211,3.95
201318467,3.73
201321734,4.50
201400458,3.92
201400499,3.83
201400508,4.19
201400537,3.96
201400580,4.03
201400606,4.07
201400634,4.04
201400651,3.81
201400661,4.07
201400788,3.96
201407988,3.48
201408038,3.79
201413001,4.06
