Carné,Nota
200317279,13.00
200413945,9.89
200413951,10.98
200614342,9.69
200715577,10.41
200715751,11.16
200715754,10.21
200718297,11.44
200810517,11.33
200880004,9.80
200880028,11.84
200915864,12.35
200916113,8.98
200916250,10.25
200980037,10.96
201013493,11.92
201013689,10.54
201013765,11.97
201013785,11.90
201013807,10.28
201112204,11.99
201112232,11.89
201210562,11.69
201210617,11.50
201210665,11.41
201210682,11.19
201210705,12.18
201210847,13.05
201210870,11.55
201214713,12.24
201220212,12.02
201220297,10.23
201280027,12.58
201310562,12.04
201310594,12.18
201310596,12.39
201310614,11.24
201310657,12.41
201310667,13.02
201310670,12.80
201310676,11.68
201310703,12.47
201318347,12.91
201321724,13.61
201321729,10.66
200715618,11.94
200810417,10.35
201012065,10.82
201013417,12.47
201020026,11.85
201112046,11.40
201112161,11.66
201112184,13.37
201210553,12.79
201210642,12.83
201210645,11.09
201210655,10.72
201210683,12.55
201210729,11.42
201210740,9.84
201210823,11.35
201210900,12.37
201210904,10.78
201220309,10.64
201220355,10.78
201245563,10.71
201280026,12.23
201310522,12.20
201310541,11.13
201310551,12.49
201310564,12.82
201310568,11.56
201310571,11.86
201310575,11.79
201310612,11.27
201310613,11.59
201310621,11.78
201310648,12.87
201310654,12.17
201310669,12.50
201310682,10.83
201310688,8.91
201310697,13.33
201310699,11.74
201310700,13.20
201318169,12.40
201318215,11.41
201318218,11.98
201318376,11.06
201321740,11.45
201380007,13.19
201380027,11.20
201380041,12.66
