Carné,I Parcial
200317279,4.65
200413945,0.00
200413951,3.60
200614342,5.55
200715577,3.30
200715751,0.60
200715754,3.60
200718297,8.55
200810517,4.35
200880004,3.30
200880028,2.70
200915864,7.20
200916113,1.80
200916250,4.65
200980037,3.15
201013493,3.45
201013689,1.95
201013765,6.00
201013785,5.40
201013807,1.65
201112204,4.95
201112232,4.95
201210562,10.20
201210617,7.20
201210665,5.40
201210682,8.85
201210705,8.55
201210847,4.50
201210870,9.15
201214713,6.90
201220212,4.80
201220297,10.65
201280027,3.75
201310562,13.20
201310594,9.90
201310596,11.10
201310614,2.40
201310657,9.30
201310667,10.20
201310670,8.10
201310676,6.15
201310703,4.95
201318347,7.65
201321724,11.40
201321729,5.40
200715618,3.90
200810417,3.60
201012065,4.95
201013417,2.40
201020026,3.15
201112046,3.60
201112161,4.80
201112184,5.70
201210553,5.55
201210642,2.25
201210645,5.85
201210655,5.85
201210683,4.35
201210729,6.30
201210740,3.75
201210823,3.45
201210900,2.70
201210904,3.45
201220309,5.70
201220355,4.05
201245563,3.45
201280026,4.95
201310522,7.80
201310541,4.50
201310551,5.85
201310564,6.00
201310568,5.10
201310571,4.35
201310575,4.20
201310612,1.65
201310613,6.45
201310621,7.05
201310648,4.50
201310654,7.20
201310669,7.65
201310682,8.85
201310688,4.05
201310697,10.95
201310699,9.45
201310700,5.85
201318169,5.25
201318215,6.15
201318218,2.70
201318376,6.15
201321740,2.85
201380007,13.35
201380027,4.50
201380041,8.10
