carnet,Laboratorio
200515380,10.48
200610568,9.00
200614382,11.86
200715525,9.07
200715577,10.41
200717835,12.74
200810417,10.35
200915981,10.38
200980037,10.96
201119229,10.57
201119674,10.10
201210405,8.63
201210680,10.20
201210740,9.84
201214921,11.01
201220309,10.64
201310706,10.10
201318284,10.23
201318470,11.21
201321741,9.12
201322103,10.28
201400373,11.12
201400383,10.36
201400384,12.17
201400385,11.93
201400389,10.81
201400435,10.65
201400449,11.25
201400463,10.22
201400468,11.70
201400470,11.33
201400497,11.64
201400535,10.58
201400552,11.02
201400557,12.27
201400584,11.44
201400654,11.93
201400680,11.13
201400685,9.97
201400708,11.50
201400756,11.52
201400785,10.89
201407955,12.09
201407970,11.24
201407984,11.16
200314980,11.80
200317279,13.00
200515183,10.54
200610588,9.04
200614342,10.66
200715431,12.24
200715751,9.27
200718297,11.44
200817572,9.56
200880004,9.80
200910572,11.60
200915915,10.42
200916165,10.76
200916250,10.25
200942698,11.03
201013807,10.28
201210669,11.56
201210672,10.54
201210904,10.78
201220265,10.18
201220355,10.78
201310523,13.35
201310566,11.46
201310567,9.78
201310630,11.34
201310687,12.13
201318211,10.38
201318467,11.07
201321734,11.70
201400458,10.52
201400499,11.72
201400508,11.29
201400537,9.57
201400580,11.97
201400606,11.81
201400634,10.60
201400651,10.25
201400661,11.48
201400788,11.91
201407988,10.64
201408038,11.25
201413001,11.46
