Carnet,I parcial
200515380,7.32
200610568,10.57
200614382,6.23
200715525,6.56
200715577,10.58
200717835,9.34
200810417,8.71
200915981,8.18
200980037,12.05
201119229,8.38
201119674,7.65
201210405,8.90
201210680,9.65
201210740,6.10
201214921,9.99
201220309,8.21
201310706,9.29
201318284,7.58
201318470,9.86
201321741,9.89
201322103,10.09
201400373,8.12
201400383,6.29
201400384,8.14
201400385,12.35
201400389,6.91
201400435,10.83
201400449,7.61
201400463,7.56
201400468,9.53
201400470,11.58
201400497,12.34
201400535,7.53
201400552,8.03
201400557,7.50
201400584,11.65
201400654,10.50
201400680,8.25
201400685,9.49
201400708,9.32
201400756,10.70
201400785,8.63
201407955,12.10
201407970,10.83
201407984,8.96
200314980,6.75
200317279,9.19
200515183,7.43
200610588,6.78
200614342,7.09
200715431,6.03
200715751,5.06
200718297,11.38
200817572,5.95
200880004,7.91
200910572,10.67
200915915,6.08
200916165,6.41
200916250,5.85
200942698,8.48
201013807,7.48
201210669,9.94
201210672,7.71
201210904,7.65
201220265,11.52
201220355,8.03
201310523,13.38
201310566,10.38
201310567,6.53
201310630,6.67
201310687,10.80
201318211,7.03
201318467,10.61
201321734,9.15
201400458,8.55
201400499,11.73
201400508,8.91
201400537,9.24
201400580,11.25
201400606,10.03
201400634,8.55
201400651,7.15
201400661,10.64
201400788,10.57
201407988,7.68
201408038,8.36
201413001,8.91
