carné,Nota
200317279,3.31
200413945,0.14
200413951,4.42
200614342,3.82
200715577,3.26
200715751,3.51
200715754,2.22
200718297,3.90
200810517,4.02
200880004,3.32
200880028,4.09
200915864,4.18
200916113,2.91
200916250,3.50
200980037,3.51
201013493,4.49
201013689,4.35
201013765,3.48
201013785,3.89
201013807,3.04
201112204,3.14
201112232,3.41
201210562,3.69
201210617,4.31
201210665,2.80
201210682,4.66
201210705,4.42
201210847,4.64
201210870,4.43
201214713,4.47
201220212,2.47
201220297,3.08
201280027,4.10
201310562,4.37
201310594,4.36
201310596,2.58
201310614,4.26
201310657,4.49
201310667,4.25
201310670,4.49
201310676,3.76
201310703,4.76
201318347,3.71
201321724,4.58
201321729,3.89
200715618,4.05
200810417,3.92
201012065,4.11
201013417,3.61
201020026,4.05
201112046,3.65
201112161,3.94
201112184,4.51
201210553,4.35
201210642,4.18
201210645,3.88
201210655,3.03
201210683,3.78
201210729,3.50
201210740,3.74
201210823,3.89
201210900,4.07
201210904,4.06
201220309,3.93
201220355,4.23
201245563,3.45
201280026,4.07
201310522,4.32
201310541,3.74
201310551,4.62
201310564,4.67
201310568,4.45
201310571,3.84
201310575,4.03
201310612,3.74
201310613,4.46
201310621,3.50
201310648,4.52
201310654,4.27
201310669,4.24
201310682,3.40
201310688,3.96
201310697,4.75
201310699,4.28
201310700,4.35
201318169,3.85
201318215,4.36
201318218,4.36
201318376,3.77
201321740,3.48
201380007,4.15
201380027,4.50
201380041,4.60
