Carnet,Cortos de Clase
200515380,2.05
200610568,5.89
200614382,4.64
200715525,2.16
200715577,5.61
200717835,6.45
200810417,7.14
200915981,2.18
200980037,6.50
201119229,4.89
201119674,4.80
201210405,4.05
201210680,4.89
201210740,4.55
201214921,5.89
201220309,5.00
201310706,5.79
201318284,4.59
201318470,5.73
201321741,5.39
201322103,6.64
201400373,7.50
201400383,6.05
201400384,4.82
201400385,8.70
201400389,6.37
201400435,6.98
201400449,5.95
201400463,4.89
201400468,7.98
201400470,7.84
201400497,6.52
201400535,4.23
201400552,7.00
201400557,4.52
201400584,6.48
201400654,6.34
201400680,5.45
201400685,6.48
201400708,6.27
201400756,7.64
201400785,3.80
201407955,7.68
201407970,6.89
201407984,7.20
200314980,2.12
200317279,6.22
200515183,4.98
200610588,5.35
200614342,5.60
200715431,5.60
200715751,2.29
200718297,6.40
200817572,5.40
200880004,5.61
200910572,4.74
200915915,4.54
200916165,5.29
200916250,3.67
200942698,7.91
201013807,4.42
201210669,4.67
201210672,6.05
201210904,2.48
201220265,7.07
201220355,4.07
201310523,9.29
201310566,5.90
201310567,2.39
201310630,5.10
201310687,7.83
201318211,4.67
201318467,6.48
201321734,5.57
201400458,7.00
201400499,7.88
201400508,5.12
201400537,6.36
201400580,8.07
201400606,7.02
201400634,3.98
201400651,5.93
201400661,5.68
201400788,7.29
201407988,5.50
201408038,7.10
201413001,7.12
