Carné,Nota
200317279,6.19
200413945,0.71
200413951,6.12
200614342,5.96
200715577,4.96
200715751,6.67
200715754,4.17
200718297,6.19
200810517,7.50
200880004,3.33
200880028,6.43
200915864,7.57
200916113,3.57
200916250,4.76
200980037,6.43
201013493,8.10
201013689,5.24
201013765,7.86
201013785,6.43
201013807,4.71
201112204,2.22
201112232,3.81
201210562,7.86
201210617,7.86
201210665,5.24
201210682,7.86
201210705,7.86
201210847,7.86
201210870,6.43
201214713,9.29
201220212,3.62
201220297,3.57
201280027,7.86
201310562,7.50
201310594,7.50
201310596,1.67
201310614,8.10
201310657,10.00
201310667,8.10
201310670,7.86
201310676,2.78
201310703,5.71
201318347,8.57
201321724,7.14
201321729,5.24
200715618,6.86
200810417,7.50
201012065,7.14
201013417,5.71
201020026,6.86
201112046,6.43
201112161,5.71
201112184,8.00
201210553,8.33
201210642,5.43
201210645,6.86
201210655,8.29
201210683,8.57
201210729,8.57
201210740,4.17
201210823,8.00
201210900,7.17
201210904,4.00
201220309,4.29
201220355,6.14
201245563,5.00
201280026,6.14
201310522,7.57
201310541,4.17
201310551,8.29
201310564,8.33
201310568,7.60
201310571,6.20
201310575,5.43
201310612,7.17
201310613,8.33
201310621,5.86
201310648,8.57
201310654,8.00
201310669,8.57
201310682,3.57
201310688,6.43
201310697,10.00
201310699,9.29
201310700,4.29
201318169,6.33
201318215,6.14
201318218,6.17
201318376,4.86
201321740,7.50
201380007,7.86
201380027,3.33
201380041,8.29
