Carnet,Trabajos de campo
200515380,3.30
200610568,3.30
200614382,3.30
200715525,1.87
200715577,3.30
200717835,2.83
200810417,3.76
200915981,3.53
200980037,3.30
201119229,3.16
201119674,3.92
201210405,2.58
201210680,3.53
201210740,3.76
201214921,2.58
201220309,3.76
201310706,2.58
201318284,2.72
201318470,2.72
201321741,2.72
201322103,3.16
201400373,3.16
201400383,3.16
201400384,2.83
201400385,3.50
201400389,3.18
201400435,2.58
201400449,3.50
201400463,3.18
201400468,2.74
201400470,2.99
201400497,2.83
201400535,2.58
201400552,2.99
201400557,2.83
201400584,3.50
201400654,3.50
201400680,3.50
201400685,3.16
201400708,2.99
201400756,3.53
201400785,2.83
201407955,2.99
201407970,3.18
201407984,2.99
200314980,3.11
200317279,2.59
200515183,3.31
200610588,3.07
200614342,3.31
200715431,4.34
200715751,3.07
200718297,2.59
200817572,3.07
200880004,2.07
200910572,3.11
200915915,3.07
200916165,2.59
200916250,2.59
200942698,2.93
201013807,2.59
201210669,3.07
201210672,3.31
201210904,2.07
201220265,3.31
201220355,2.07
201310523,4.34
201310566,3.11
201310567,3.82
201310630,3.11
201310687,3.11
201318211,4.34
201318467,4.06
201321734,4.34
201400458,3.12
201400499,3.12
201400508,4.06
201400537,3.66
201400580,4.06
201400606,3.12
201400634,3.66
201400651,3.66
201400661,3.66
201400788,4.06
201407988,3.66
201408038,3.12
201413001,4.06
