Carnet,Actividades
200515380,3.79
200610568,3.66
200614382,3.10
200715525,1.92
200715577,3.30
200717835,4.17
200810417,3.79
200915981,2.21
200980037,3.10
201119229,4.17
201119674,3.02
201210405,2.49
201210680,2.94
201210740,2.34
201214921,2.18
201220309,2.98
201310706,3.74
201318284,3.40
201318470,2.44
201321741,3.68
201322103,4.35
201400373,4.24
201400383,4.18
201400384,4.10
201400385,3.89
201400389,3.32
201400435,3.37
201400449,3.93
201400463,2.48
201400468,4.08
201400470,3.90
201400497,3.24
201400535,2.91
201400552,3.21
201400557,3.81
201400584,3.26
201400654,3.19
201400680,3.97
201400685,3.83
201400708,4.03
201400756,4.15
201400785,3.70
201407955,3.75
201407970,3.49
201407984,3.24
200314980,3.05
200317279,3.04
200515183,3.09
200610588,3.45
200614342,2.72
200715431,3.19
200715751,3.34
200718297,2.40
200817572,3.25
200880004,2.49
200910572,3.42
200915915,3.15
200916165,1.77
200916250,2.98
200942698,2.74
201013807,2.56
201210669,2.52
201210672,3.60
201210904,2.24
201220265,2.91
201220355,2.23
201310523,4.85
201310566,3.98
201310567,1.39
201310630,3.46
201310687,4.46
201318211,2.81
201318467,3.25
201321734,3.53
201400458,2.86
201400499,3.62
201400508,3.53
201400537,3.75
201400580,2.71
201400606,3.46
201400634,2.82
201400651,3.41
201400661,2.95
201400788,3.96
201407988,3.82
201408038,3.72
201413001,3.46
