Carne,Pract. Int. 
200121049,8.30
200310734,8.50
200317403,8.80
200810561,8.60
200817501,9.40
200817545,7.90
200915898,9.30
201013489,8.30
201112086,8.00
201112321,8.30
201210622,9.30
201210693,8.00
201210836,8.80
201222400,8.30
201310601,8.20
201310604,6.90
201310605,7.90
201318128,8.30
201321780,9.20
201400412,9.10
201400457,8.80
201400473,8.40
201400476,8.50
201400478,8.40
201400501,9.10
201400632,8.40
201400656,9.00
201400760,8.80
201400799,8.20
201408063,8.60
