Carne,I parcial
200121049,11.20
200310734,11.70
200317403,9.60
200810561,8.70
200817501,12.10
200817545,8.10
200915898,11.40
201013489,8.40
201112086,13.90
201112321,12.70
201210622,8.30
201210693,10.50
201210836,13.50
201222400,11.60
201310601,10.90
201310604,11.30
201310605,11.10
201318128,8.60
201321780,10.00
201400412,10.80
201400457,10.80
201400473,12.20
201400476,10.10
201400478,10.20
201400501,11.70
201400632,10.90
201400656,8.30
201400760,12.00
201400799,11.60
201408063,13.10
