Carne,Corto Teoria
200121049,6.53
200310734,7.84
200317403,8.12
200810561,6.86
200817501,7.98
200817545,2.66
200915898,7.14
201013489,9.80
201112086,10.78
201112321,9.94
201210622,7.28
201210693,6.30
201210836,11.06
201222400,8.40
201310601,5.76
201310604,8.40
201310605,7.56
201318128,11.48
201321780,9.66
201400412,9.80
201400457,10.22
201400473,9.52
201400476,9.52
201400478,10.36
201400501,11.34
201400632,9.52
201400656,9.38
201400760,10.36
201400799,11.48
201408063,12.74
