Carne,II parcial 
200121049,11.50
200310734,8.00
200317403,8.20
200810561,7.40
200817501,10.40
200817545,4.50
200915898,8.30
201013489,7.50
201112086,10.90
201112321,11.40
201210622,12.10
201210693,7.20
201210836,13.50
201222400,8.80
201310601,6.80
201310604,12.70
201310605,8.10
201318128,10.30
201321780,10.00
201400412,8.90
201400457,8.30
201400473,9.20
201400476,7.40
201400478,8.60
201400501,12.00
201400632,11.20
201400656,10.50
201400760,12.00
201400799,11.90
201408063,12.50
