Carne,Trab. Invest
200121049,4.60
200310734,2.40
200317403,3.90
200810561,3.40
200817501,4.10
200817545,2.50
200915898,2.70
201013489,3.50
201112086,3.70
201112321,3.90
201210622,2.50
201210693,2.50
201210836,3.40
201222400,3.30
201310601,2.90
201310604,2.90
201310605,3.50
201318128,4.10
201321780,4.70
201400412,2.80
201400457,3.70
201400473,3.70
201400476,3.40
201400478,3.40
201400501,3.60
201400632,3.50
201400656,3.70
201400760,4.60
201400799,3.30
201408063,4.60
