Carné,Nota
199819115,7.00
200710721,14.00
200717835,13.50
200817684,9.50
200910790,4.50
200915877,11.50
200915932,14.00
200915940,7.00
200916076,11.50
200918238,8.50
200921961,12.50
200942698,10.50
201013409,10.50
201013444,10.00
201013474,11.00
201013480,8.50
201013517,9.50
201013608,7.00
201013675,14.00
201018707,12.00
201021759,8.00
201110186,6.50
201112052,11.50
201112080,11.00
201112128,9.00
201112209,10.00
201112322,11.00
201112330,10.50
201119229,10.50
201210405,13.50
201210540,7.00
201210552,14.00
201210629,6.50
201210639,6.50
201210670,10.00
201210680,12.00
201210707,11.50
201210711,7.50
201210758,9.00
201210764,1.50
201210772,10.00
201210779,3.50
201210858,12.00
201210909,6.00
201210912,13.50
201214921,10.50
201310526,8.50
201310538,8.50
201310567,13.00
201310569,9.50
201310599,2.00
201310629,8.00
201310639,8.50
201310640,4.00
201310644,6.00
201310673,7.50
201310674,5.00
201310691,10.50
201310706,12.50
201310709,8.50
201310715,6.50
201315397,7.00
201318161,11.50
201318166,13.00
201318180,3.50
201318211,13.50
201318281,13.50
201318322,8.50
201318467,9.50
201318470,12.00
201321733,12.00
201321734,13.50
201321741,11.00
201321746,9.00
201321747,8.00
201321804,11.00
201322103,12.50
201400364,8.00
201400366,2.50
201400373,10.50
201400383,10.50
201400384,11.00
201400385,14.00
201400389,10.00
201400397,5.50
201400435,12.00
201400438,5.00
201400440,5.00
201400441,8.00
201400449,13.50
201400458,11.00
201400463,9.00
201400468,11.00
201400470,12.50
201400497,12.00
201400499,8.50
201400508,7.00
201400523,12.50
201400528,6.00
201400535,14.50
201400537,11.00
201400541,12.50
201400552,12.00
201400557,12.00
201400562,7.00
201400580,13.50
201400584,12.50
201400606,12.00
201400634,8.50
201400651,9.00
201400654,12.50
201400661,13.50
201400673,10.50
201400680,9.00
201400683,7.50
201400685,10.50
201400691,10.50
201400708,13.50
201400756,11.50
201400785,10.50
201400788,14.00
201407914,9.50
201407943,8.00
201407955,12.00
201407959,11.50
201407970,10.00
201407984,9.50
201407988,8.00
201408038,11.50
201413001,8.00
201413715,8.00
