Carnet,Nota
199910871,8.1
200722421,2.4
200910790,1.9
200915940,2.4
200916076,6.3
200916276,5.1
200918238,4.8
200918252,0.9
201013444,8.4
201013474,8.0
201013480,6.7
201013517,7.9
201021759,6.0
201025011,0.0
201110186,8.5
201112052,10.5
201117060,4.0
201119733,8.2
201210074,8.5
201210540,4.7
201210639,4.7
201210711,7.0
201210758,7.9
201210764,5.5
201210779,7.3
201210858,7.5
201210909,7.9
201220014,6.0
201220325,2.0
201220380,4.9
201310142,0.0
201310526,5.6
201310529,9.0
201310538,8.4
201310569,5.1
201310602,4.9
201310629,11.0
201310639,7.4
201310640,9.0
201310644,8.7
201310645,8.8
201310673,4.1
201310674,3.6
201310691,3.3
201310709,3.7
201310710,1.5
201310715,7.9
201315049,10.0
201315397,8.9
201318161,5.6
201318166,9.8
201318180,7.7
201318183,4.7
201318186,7.9
201318227,4.6
201318281,7.2
201318304,7.8
201321726,6.3
201321738,6.3
201321745,1.6
201321802,7.5
201321804,8.3
201322312,4.1
201330970,7.0
201345055,4.9
201400364,10.4
201400366,11.4
201400370,5.3
201400397,6.7
201400427,2.6
201400434,6.1
201400438,10.9
201400440,10.3
201400441,9.1
201400459,9.6
201400460,4.3
201400485,7.1
201400525,3.2
201400528,8.3
201400562,9.3
201400600,5.1
201400673,11.9
201400683,8.0
201400700,4.5
201400715,6.0
201407914,9.9
201407923,3.6
201407927,3.0
201407941,5.0
201407942,5.5
201407943,10.8
201407959,3.9
201407980,3.1
201407992,5.2
201408040,9.7
201408058,5.0
201408066,8.4
201408087,4.4
201408184,7.9
201408248,6.0
201411974,7.6
201413715,8.7
201480044,6.0
201502799,9.1
201502800,7.4
201502802,9.5
201502807,8.9
201502816,5.3
201502824,7.5
201502826,9.6
201502840,10.3
201502842,8.7
201502862,8.7
201502869,10.2
201502877,10.7
201502878,5.2
201502882,8.6
201502884,5.8
201502891,4.4
201502907,9.2
201502908,6.5
201502915,6.3
201502927,5.3
201502931,9.3
201502934,8.7
201502936,7.7
201502954,9.4
201502976,11.4
201502979,8.3
201502990,8.7
201502993,9.6
201503001,8.6
201503005,8.4
201503007,12.5
201503033,9.7
201503040,6.3
201503041,10.8
201503043,8.3
201503044,9.9
201503051,9.3
201503073,5.5
201503078,10.0
201503080,6.4
201503095,8.3
201503098,8.6
201503099,6.7
201503146,10.9
201503184,5.8
201503209,2.6
201503236,7.6
201503250,6.7
201503263,8.0
201503265,7.7
201503267,3.8
201503293,6.0
201503294,7.9
201503324,8.8
201503339,7.3
201513228,9.1
201513247,7.2
201513248,4.3
201513275,8.5
201513276,6.7
201513286,5.5
201513315,8.2
201513331,7.9
201513338,8.6
201513411,7.0
201513487,11.3
201513551,9.5
201513561,7.6
201516923,5.8
201580020,8.2
201580036,7.8
201580037,9.2
