Carnet,Nota
199910871,9.5
200722421,3.5
200910790,8
200915940,0
200916076,9
200916276,7.5
200918238,2.5
200918252,0
201013444,10.5
201013474,7.5
201013480,7
201013517,3
201021759,5
201025011,0
201110186,4
201112052,12.5
201117060,7
201119733,5.5
201210074,6.5
201210540,5
201210639,7
201210711,10
201210758,5
201210764,2.5
201210779,8
201210858,7.5
201210909,4
201220014,3
201220325,1.5
201220380,4.5
201310142,0
201310526,6
201310529,8.5
201310538,5
201310569,0
201310602,7.5
201310629,11.5
201310639,2.5
201310640,9.5
201310644,13
201310645,8
201310673,9
201310674,1.5
201310691,2
201310709,3
201310710,0
201310715,8.5
201315049,9
201315397,7.5
201318161,7.5
201318166,13.5
201318180,7.5
201318183,4
201318186,5.5
201318227,3
201318281,8
201318304,4.5
201321726,6.5
201321738,4
201321745,4
201321802,7
201321804,4.5
201322312,8
201330970,8
201345055,8
201400364,13.5
201400366,10.5
201400370,7.5
201400397,10.5
201400427,3.5
201400434,7.5
201400438,9.5
201400440,9.5
201400441,10.5
201400459,9
201400460,7
201400485,5
201400525,4
201400528,8.5
201400562,7
201400600,6
201400673,10
201400683,3.5
201400700,3
201400715,6.5
201407914,11
201407923,0.5
201407927,6
201407941,5.5
201407942,5.5
201407943,11.5
201407959,5
201407980,4
201407992,4.5
201408040,9.5
201408058,6.5
201408066,7
201408087,7.5
201408184,5.5
201408248,9.5
201411974,11.5
201413715,9.5
201480044,3.5
201502799,7.5
201502800,9.5
201502802,10.5
201502807,9
201502816,11.5
201502824,11
201502826,9
201502840,12.5
201502842,11
201502862,8
201502869,12
201502877,13.5
201502878,6
201502882,8
201502884,5.5
201502891,7
201502907,10.5
201502908,8.5
201502915,8
201502927,6
201502931,11.5
201502934,12.5
201502936,6.5
201502954,11
201502976,12.5
201502979,9.5
201502990,11
201502993,10.5
201503001,13
201503005,8
201503007,13.5
201503033,11.5
201503040,10.5
201503041,10.5
201503043,13
201503044,13
201503051,14
201503073,3.5
201503078,13.5
201503080,6
201503095,12.5
201503098,8.5
201503099,6
201503146,10
201503184,11
201503209,4
201503236,12.5
201503250,6
201503263,10
201503265,10
201503267,0
201503293,10.5
201503294,12
201503324,9
201503339,11
201513228,11.5
201513247,6.5
201513248,5
201513275,9.5
201513276,9.5
201513286,7
201513315,9
201513331,11.5
201513338,12.5
201513411,6.5
201513487,12.5
201513551,10.5
201513561,11.5
201516923,9.5
201580020,12
201580036,8
201580037,14
