Carnet,Nota
199910871,10.8
200722421,7.4
200910790,4.5
200915940,1.3
200916076,10.5
200916276,7.1
200918238,6.1
200918252,0.0
201013444,9.6
201013474,8.1
201013480,11.3
201013517,7.2
201021759,9.0
201025011,0.0
201110186,11.3
201112052,10.2
201117060,10.6
201119733,9.9
201210074,11.9
201210540,7.2
201210639,7.3
201210711,11.2
201210758,11.9
201210764,4.1
201210779,10.7
201210858,10.1
201210909,8.0
201220014,7.0
201220325,0.2
201220380,7.3
201310142,0.0
201310526,9.5
201310529,10.5
201310538,5.5
201310569,3.3
201310602,9.5
201310629,12.1
201310639,8.7
201310640,13.1
201310644,12.6
201310645,10.8
201310673,10.3
201310674,3.6
201310691,4.6
201310709,6.9
201310710,2.2
201310715,12.6
201315049,10.1
201315397,11.1
201318161,10.4
201318166,12.8
201318180,11.5
201318183,5.7
201318186,7.2
201318227,6.6
201318281,9.2
201318304,9.0
201321726,6.5
201321738,8.1
201321745,4.1
201321802,9.8
201321804,10.3
201322312,8.4
201330970,7.2
201345055,6.2
201400364,13.6
201400366,14.1
201400370,9.1
201400397,12.4
201400427,2.7
201400434,9.7
201400438,12.7
201400440,13.8
201400441,11.6
201400459,10.6
201400460,6.2
201400485,6.8
201400525,3.2
201400528,12.4
201400562,11.1
201400600,9.0
201400673,12.7
201400683,8.9
201400700,4.0
201400715,8.2
201407914,11.4
201407923,0.9
201407927,7.0
201407941,7.2
201407942,6.1
201407943,13.5
201407959,8.9
201407980,6.2
201407992,8.5
201408040,11.5
201408058,6.5
201408066,10.6
201408087,9.1
201408184,8.5
201408248,7.9
201411974,10.2
201413715,12.9
201480044,7.3
201502799,10.2
201502800,11.1
201502802,10.3
201502807,11.1
201502816,10.7
201502824,11.2
201502826,10.2
201502840,13.9
201502842,10.6
201502862,11.3
201502869,12.3
201502877,13.2
201502878,6.7
201502882,10.2
201502884,9.7
201502891,5.6
201502907,10.6
201502908,8.7
201502915,10.8
201502927,6.8
201502931,12.5
201502934,10.8
201502936,9.1
201502954,14.1
201502976,13.7
201502979,9.5
201502990,8.7
201502993,11.4
201503001,11.4
201503005,8.7
201503007,13.3
201503033,10.2
201503040,10.6
201503041,12.6
201503043,11.3
201503044,12.9
201503051,12.5
201503073,7.6
201503078,13.3
201503080,8.8
201503095,12.1
201503098,11.1
201503099,10.3
201503146,12.0
201503184,9.2
201503209,2.7
201503236,9.0
201503250,10.2
201503263,10.2
201503265,11.2
201503267,4.7
201503293,9.6
201503294,10.8
201503324,10.2
201503339,10.9
201513228,11.6
201513247,8.2
201513248,6.7
201513275,11.3
201513276,11.8
201513286,9.7
201513315,10.0
201513331,12.1
201513338,12.6
201513411,8.7
201513487,13.6
201513551,11.7
201513561,10.1
201516923,9.9
201580020,12.2
201580036,10.7
201580037,13.9
