Carnet,Nota
199910871,4.76
200722421,4.78
200910790,4.52
200915940,1.08
200916076,4.43
200916276,4.78
200918238,4.60
200918252,0.31
201013444,4.60
201013474,4.57
201013480,4.39
201013517,4.25
201021759,4.60
201025011,0.39
201110186,4.52
201112052,4.60
201117060,4.79
201119733,4.49
201210074,4.47
201210540,4.36
201210639,4.36
201210711,4.50
201210758,4.60
201210764,4.36
201210779,4.50
201210858,4.32
201210909,4.57
201220014,4.48
201220325,4.09
201220380,4.36
201310142,0.00
201310526,4.50
201310529,4.56
201310538,4.50
201310569,3.11
201310602,4.50
201310629,4.79
201310639,4.50
201310640,4.56
201310644,4.56
201310645,4.76
201310673,4.52
201310674,4.19
201310691,4.42
201310709,4.52
201310710,4.19
201310715,4.50
201315049,4.64
201315397,4.36
201318161,4.52
201318166,4.49
201318180,4.79
201318183,4.69
201318186,4.79
201318227,4.52
201318281,4.52
201318304,4.76
201321726,4.79
201321738,4.76
201321745,4.42
201321802,4.30
201321804,4.30
201322312,4.34
201330970,4.48
201345055,4.50
201400364,4.47
201400366,4.47
201400370,4.52
201400397,4.30
201400427,4.42
201400434,4.52
201400438,4.52
201400440,4.71
201400441,4.52
201400459,4.68
201400460,4.30
201400485,4.68
201400525,4.55
201400528,4.39
201400562,4.79
201400600,4.52
201400673,4.79
201400683,4.52
201400700,4.68
201400715,4.71
201407914,4.79
201407923,4.31
201407927,4.52
201407941,4.31
201407942,4.48
201407943,4.79
201407959,4.36
201407980,4.44
201407992,4.30
201408040,4.71
201408058,4.71
201408066,4.52
201408087,4.43
201408184,4.65
201408248,4.53
201411974,4.76
201413715,4.47
201480044,4.39
201502799,4.78
201502800,4.31
201502802,4.56
201502807,4.31
201502816,4.34
201502824,4.53
201502826,4.65
201502840,4.76
201502842,4.56
201502862,4.47
201502869,4.64
201502877,4.78
201502878,4.71
201502882,4.71
201502884,4.43
201502891,4.43
201502907,4.64
201502908,4.76
201502915,4.64
201502927,4.60
201502931,4.64
201502934,4.76
201502936,4.47
201502954,4.76
201502976,4.43
201502979,4.76
201502990,4.48
201502993,4.64
201503001,4.47
201503005,4.64
201503007,4.64
201503033,4.78
201503040,4.78
201503041,4.64
201503043,4.48
201503044,4.76
201503051,4.76
201503073,4.47
201503078,4.43
201503080,4.52
201503095,4.50
201503098,4.43
201503099,4.48
201503146,4.71
201503184,4.30
201503209,4.34
201503236,4.56
201503250,4.56
201503263,4.48
201503265,4.48
201503267,4.64
201503293,4.44
201503294,4.76
201503324,4.43
201503339,4.31
201513228,4.78
201513247,4.28
201513248,4.64
201513275,4.47
201513276,4.43
201513286,4.78
201513315,4.30
201513331,4.78
201513338,4.56
201513411,4.47
201513487,4.76
201513551,4.47
201513561,4.76
201516923,4.34
201580020,4.78
201580036,4.48
201580037,4.43
