Carné,Nota
199819115,9.63
200710721,16.95
200717835,21.16
200817684,12.41
200910790,7.88
200915877,16.40
200915932,15.81
200915940,2.69
200916076,19.50
200918238,11.38
200921961,18.99
200942698,20.68
201013409,15.05
201013444,13.13
201013474,15.21
201013480,3.85
201013517,14.01
201013608,11.47
201013675,17.56
201018707,20.26
201021759,16.48
201110186,13.60
201112052,15.73
201112080,15.73
201112128,13.89
201112209,20.52
201112322,16.21
201112330,15.04
201119229,18.31
201210405,14.50
201210540,10.44
201210552,18.74
201210629,12.20
201210639,14.44
201210670,14.22
201210680,18.98
201210707,16.13
201210711,14.52
201210758,15.53
201210764,12.35
201210772,17.46
201210779,13.16
201210858,18.18
201210909,10.54
201210912,17.26
201214921,18.07
201310526,13.43
201310538,12.73
201310567,20.00
201310569,12.88
201310599,12.50
201310629,15.22
201310639,14.28
201310640,17.38
201310644,14.16
201310673,12.79
201310674,7.37
201310691,10.33
201310706,17.20
201310709,11.24
201310715,12.87
201315397,15.91
201318161,14.45
201318166,12.65
201318180,16.93
201318211,17.12
201318281,15.26
201318322,14.98
201318467,18.03
201318470,17.51
201321733,16.42
201321734,18.19
201321741,16.74
201321746,16.93
201321747,16.39
201321804,16.56
201322103,20.53
201400364,18.25
201400366,13.32
201400373,21.07
201400383,18.67
201400384,20.74
201400385,21.62
201400389,17.96
201400397,14.38
201400435,21.39
201400438,16.48
201400440,13.83
201400441,15.20
201400449,20.38
201400458,19.16
201400463,17.70
201400468,19.59
201400470,21.30
201400497,21.35
201400499,16.22
201400508,18.19
201400523,18.51
201400528,15.54
201400535,19.97
201400537,17.64
201400541,17.41
201400552,19.82
201400557,19.27
201400562,16.92
201400580,20.31
201400584,19.71
201400606,17.22
201400634,17.43
201400651,17.48
201400654,20.39
201400661,18.43
201400673,16.36
201400680,17.34
201400683,12.21
201400685,19.42
201400691,18.60
201400708,19.09
201400756,18.86
201400785,17.85
201400788,21.66
201407914,17.12
201407943,16.92
201407955,21.42
201407959,17.66
201407970,21.86
201407984,19.06
201407988,17.58
201408038,19.40
201413001,15.82
201413715,18.86
