Carné,Nota
199819115,2.73
200710721,6.38
200717835,7.63
200817684,2.15
200910790,1.43
200915877,7.71
200915932,3.65
200915940,1.03
200916076,4.47
200918238,2.43
200921961,4.3
200942698,5.44
201013409,3.7
201013444,4.55
201013474,3.85
201013480,1.18
201013517,5.47
201013608,3.73
201013675,9.22
201018707,6.3
201021759,3.84
201110186,3.52
201112052,6.35
201112080,5.67
201112128,3.49
201112209,5.58
201112322,5.83
201112330,4.72
201119229,7.95
201210405,4.75
201210540,2.2
201210552,5.27
201210629,3.66
201210639,4.72
201210670,6.82
201210680,7.46
201210707,5.94
201210711,3.92
201210758,7.05
201210764,2.42
201210772,5.52
201210779,3.52
201210858,4.62
201210909,2.31
201210912,9.11
201214921,6.81
201310526,5.83
201310538,5.18
201310567,8.31
201310569,3.59
201310599,3.03
201310629,3.2
201310639,6.05
201310640,4.85
201310644,3.47
201310673,3.33
201310674,2.05
201310691,0.67
201310706,7.79
201310709,4.22
201310715,3.58
201315397,2.94
201318161,5.37
201318166,6.77
201318180,3.8
201318211,7.1
201318281,5.17
201318322,4.72
201318467,6.79
201318470,8.13
201321733,7.37
201321734,8.59
201321741,7.5
201321746,5.91
201321747,4.57
201321804,3.06
201322103,7.64
201400364,4
201400366,5.61
201400373,5.04
201400383,8.49
201400384,7.15
201400385,11.61
201400389,7.24
201400397,4.22
201400435,7.04
201400438,5.1
201400440,3.08
201400441,5.85
201400449,7.3
201400458,7.32
201400463,5.38
201400468,6.41
201400470,13.8
201400497,8.39
201400499,5.27
201400508,7.01
201400523,6.12
201400528,2.52
201400535,7.41
201400537,10.2
201400541,5.14
201400552,8.35
201400557,7.81
201400562,4.12
201400580,9.27
201400584,6.63
201400606,5.81
201400634,4.3
201400651,5.12
201400654,7.46
201400661,6.09
201400673,6.36
201400680,7.13
201400683,4.29
201400685,6.04
201400691,6.9
201400708,8.68
201400756,6.98
201400785,4.81
201400788,6.14
201407914,6.65
201407943,5.91
201407955,5.37
201407959,3.33
201407970,6.89
201407984,8.39
201407988,6.1
201408038,7.7
201413001,5.6
201413715,7.29
