Carnet,Nota
200915932,20
200916076,20
200921961,20
201013474,21
201112080,21
201119733,18
201210758,20
201210772,21
201210858,20
201214921,21
201310629,21
201315397,18
201318180,21
201318322,20
201318467,22
201321746,20
201321747,20
201321804,21
201400438,21
201400441,21
201400463,20
201400499,19
201400508,23
201400523,22
201400562,18
201400606,20
201400634,20
201400651,21
201407914,20
201407943,21
201407959,20
201407984,23
201407988,20
201413001,20
201413715,20
