Carnet,Nota
199910871,7.2
200722421,7.5
200910790,7.5
200915940,5.4
200916076,9.9
200916276,12
200918238,5.4
200918252,0
201013444,10.8
201013474,9.3
201013480,8.1
201013517,11.7
201021759,10.5
201025011,0
201110186,10.8
201112052,12.9
201117060,9.6
201119733,12.6
201210074,12.6
201210540,5.7
201210639,6.6
201210711,10.8
201210758,9
201210764,5.1
201210779,9
201210858,10.2
201210909,7.8
201220014,6.6
201220325,3.6
201220380,6.6
201310142,0
201310526,7.5
201310529,6.2
201310538,8.7
201310569,6.9
201310602,7.2
201310629,13.2
201310639,10.5
201310640,12.3
201310644,10.5
201310645,9.6
201310673,7.2
201310674,6.9
201310691,10.2
201310709,5.1
201310710,3
201310715,11.1
201315049,10.2
201315397,12.3
201318161,11.1
201318166,14.4
201318180,14.1
201318183,4.5
201318186,5.1
201318227,4.5
201318281,9.6
201318304,7.5
201321726,4.8
201321738,8.1
201321745,7.2
201321802,7.8
201321804,11.4
201322312,9.3
201330970,5.7
201345055,3.6
201400364,13.5
201400366,13.5
201400370,8.1
201400397,13.5
201400427,6
201400434,5.4
201400438,12.3
201400440,13.2
201400441,11.7
201400459,12.6
201400460,6
201400485,8.1
201400525,5.4
201400528,11.1
201400562,11.7
201400600,7.5
201400673,13.5
201400683,9
201400700,6.3
201400715,10.2
201407914,11.1
201407923,2.4
201407927,6.3
201407941,4.5
201407942,5.7
201407943,13.5
201407959,10.8
201407980,3.9
201407992,5.1
201408040,9
201408058,5.1
201408066,11.1
201408087,6.6
201408184,11.1
201408248,6.3
201411974,10.5
201413715,12
201480044,5.1
201502799,11.1
201502800,11.7
201502802,9.3
201502807,9.6
201502816,10.2
201502824,10.5
201502826,7.2
201502840,10.2
201502842,9.6
201502862,10.5
201502869,11.7
201502877,14.4
201502878,5.7
201502882,11.7
201502884,8.4
201502891,6.3
201502907,7.5
201502908,9.9
201502915,6.6
201502927,9.3
201502931,12
201502934,12.6
201502936,8.7
201502954,11.7
201502976,12.9
201502979,8.7
201502990,9.9
201502993,12.9
201503001,10.5
201503005,9.3
201503007,12.9
201503033,11.7
201503040,12
201503041,13.5
201503043,13.5
201503044,11.4
201503051,11.4
201503073,9.9
201503078,13.5
201503080,9.3
201503095,11.7
201503098,11.7
201503099,11.7
201503146,10.2
201503184,4.8
201503209,4.2
201503236,9
201503250,12
201503263,13.5
201503265,9.9
201503267,3.6
201503293,9.6
201503294,11.4
201503324,8.7
201503339,12
201513228,12.9
201513247,8.7
201513248,5.4
201513275,8.7
201513276,9
201513286,9.9
201513315,8.7
201513331,12.3
201513338,10.8
201513411,9
201513487,10.8
201513551,11.1
201513561,9.9
201516923,8.1
201580020,11.7
201580036,11.1
201580037,13.5
