Carnet,Nota
199910871,3
200722421,5
200910790,4
200915940,0
200916076,5
200916276,5
200918238,5
200918252,0
201013444,5
201013474,5
201013480,3.5
201013517,3.5
201021759,5
201025011,0
201110186,3.5
201112052,5
201117060,5
201119733,4
201210074,4
201210540,3.5
201210639,3.5
201210711,4
201210758,5
201210764,3.5
201210779,4
201210858,3.5
201210909,5
201220014,0
201220325,5
201220380,3.5
201310142,0
201310526,4
201310529,5
201310538,4
201310569,4
201310602,4
201310629,5
201310639,4
201310640,5
201310644,5
201310645,5
201310673,4
201310674,5
201310691,4
201310709,4
201310710,5
201310715,4
201315049,4.5
201315397,3.5
201318161,4
201318166,3.5
201318180,5
201318183,5
201318186,5
201318227,4
201318281,0
201318304,3
201321726,5
201321738,3
201321745,4
201321802,5
201321804,5
201322312,3.5
201330970,3.5
201345055,4
201400364,4
201400366,4
201400370,3.5
201400397,5
201400427,4
201400434,3.5
201400438,3.5
201400440,4
201400441,3.5
201400459,4
201400460,5
201400485,4
201400525,5
201400528,4
201400562,5
201400600,3.5
201400673,5
201400683,3.5
201400700,4
201400715,4
201407914,5
201407923,3.5
201407927,4
201407941,3.5
201407942,3.5
201407943,5
201407959,3.5
201407980,5
201407992,5
201408040,4
201408058,4
201408066,3.5
201408087,3.5
201408184,3
201408248,5
201411974,5
201413715,5
201480044,5
201502799,5
201502800,3.5
201502802,5
201502807,3.5
201502816,3.5
201502824,5
201502826,5
201502840,5
201502842,5
201502862,4
201502869,4.5
201502877,5
201502878,4
201502882,4
201502884,5
201502891,5
201502907,4.5
201502908,5
201502915,4.5
201502927,5
201502931,4.5
201502934,3
201502936,4
201502954,3
201502976,5
201502979,3
201502990,3.5
201502993,4.5
201503001,4
201503005,4.5
201503007,4.5
201503033,5
201503040,5
201503041,4.5
201503043,3.5
201503044,3
201503051,3
201503073,4
201503078,5
201503080,3.5
201503095,4
201503098,5
201503099,3.5
201503146,4
201503184,5
201503209,3.5
201503236,5
201503250,5
201503263,3.5
201503265,3.5
201503267,4.5
201503293,3.5
201503294,5
201503324,5
201503339,3.5
201513228,5
201513247,3.5
201513248,4.5
201513275,4
201513276,5
201513286,5
201513315,5
201513331,5
201513338,5
201513411,4
201513487,5
201513551,4
201513561,5
201516923,3.5
201580020,5
201580036,3.5
201580037,5
