Carnet,Nota
200915932,36
200916076,27
200921961,30
201013474,20
201112080,23
201119733,22
201210758,26
201210772,28
201210858,24
201214921,34
201310629,23
201315397,17
201318180,28
201318322,30
201318467,33
201321746,35
201321747,33
201321804,28
201400438,21
201400441,23
201400463,26
201400499,32
201400508,29
201400523,27
201400562,16
201400606,36
201400634,34
201400651,29
201407914,25
201407943,24
201407959,25
201407984,36
201407988,29
201413001,37
201413715,29
