Carné,Nota
199819115,3.10
200710721,6.10
200717835,11.00
200817684,3.40
200910790,4.30
200915877,8.30
200915932,11.00
200915940,1.50
200916076,7.70
200918238,3.40
200921961,8.30
200942698,7.90
201013409,6.40
201013444,6.70
201013474,4.30
201013480,0.00
201013517,5.80
201013608,1.50
201013675,8.00
201018707,7.70
201021759,1.50
201110186,7.00
201112052,7.00
201112080,7.00
201112128,5.50
201112209,8.30
201112322,11.60
201112330,9.80
201119229,9.20
201210405,10.10
201210540,3.70
201210552,10.10
201210629,3.40
201210639,4.30
201210670,6.40
201210680,9.20
201210707,4.60
201210711,6.70
201210758,4.60
201210764,2.40
201210772,8.90
201210779,4.60
201210858,6.40
201210909,4.60
201210912,8.30
201214921,6.40
201310526,4.00
201310538,3.40
201310567,3.70
201310569,4.20
201310599,3.40
201310629,5.80
201310639,6.40
201310640,6.10
201310644,8.90
201310673,4.90
201310674,1.50
201310691,5.20
201310706,7.30
201310709,5.50
201310715,4.90
201315397,7.30
201318161,6.70
201318166,7.70
201318180,8.00
201318211,8.00
201318281,5.20
201318322,8.30
201318467,7.70
201318470,11.90
201321733,8.90
201321734,2.80
201321741,7.30
201321746,7.70
201321747,8.30
201321804,6.70
201322103,11.60
201400364,6.70
201400366,3.40
201400373,10.10
201400383,7.70
201400384,10.10
201400385,10.40
201400389,8.90
201400397,5.50
201400435,11.00
201400438,4.30
201400440,1.50
201400441,5.20
201400449,9.80
201400458,8.00
201400463,6.10
201400468,7.00
201400470,14.10
201400497,11.60
201400499,12.00
201400508,7.70
201400523,7.30
201400528,5.00
201400535,12.50
201400537,9.20
201400541,9.50
201400552,8.90
201400557,8.90
201400562,5.50
201400580,10.40
201400584,10.40
201400606,9.20
201400634,5.20
201400651,7.70
201400654,10.10
201400661,10.40
201400673,6.70
201400680,10.10
201400683,6.70
201400685,9.80
201400691,10.70
201400708,8.30
201400756,8.90
201400785,7.70
201400788,9.80
201407914,8.30
201407943,7.30
201407955,9.50
201407959,5.80
201407970,8.00
201407984,7.70
201407988,3.10
201408038,7.30
201413001,7.70
201413715,6.40
