CARNET,NOTA
200314980,11.5
200320162,5
200710721,7.5
200715431,9.5
200717835,14
200817535,0
200817572,6
200817589,4
200915860,7
200915932,0
200915942,6.5
200915981,6
200921961,2.5
200942698,4.5
201013391,4
201013675,2
201018707,6.5
201112209,4.5
201112322,0
201112330,9.5
201112344,6.5
201119229,11
201119674,10.5
201210405,9
201210552,4.5
201210669,8
201210670,8.5
201210672,12
201210680,3
201210772,9
201210912,8
201214921,3
201220265,9
201310567,6
201310630,10.5
201310687,11
201310706,8
201318211,6.5
201318284,11.5
201318322,7.5
201318467,6.5
201318470,9.5
201321733,8.5
201321734,10.5
201321741,6.5
201321746,7
201321747,7
201322103,12.5
201400373,12.5
201400383,11
201400384,8
201400385,13.5
201400389,10.5
201400435,13
201400449,12.5
201400458,11
201400463,9.5
201400468,9.5
201400470,14
201400497,11.5
201400499,8.5
201400508,9
201400523,5.5
201400535,10.5
201400537,7.5
201400541,10
201400552,9.5
201400557,4.5
201400580,9.5
201400584,11.3
201400606,11.5
201400634,12.5
201400651,8.5
201400654,11.5
201400661,11.5
201400680,3.5
201400685,9.5
201400691,13
201400708,10.5
201400756,9.5
201400785,10
201400788,11.5
201407955,8.5
201407970,12
201407984,9.5
201407988,5
201408038,8
201413001,11.5
