CARNET,NOTA
200314980,12
200320162,7.5
200710721,7
200715431,10.5
200717835,11.5
200817535,10
200817572,9.5
200817589,2.5
200915860,7
200915932,10
200915942,9
200915981,9
200921961,4.5
200942698,11.5
201013391,7
201013675,5.5
201018707,12.5
201112209,10
201112322,4
201112330,11
201112344,9
201119229,12.5
201119674,9
201210405,12
201210552,12
201210669,12
201210670,13
201210672,12
201210680,10
201210772,11
201210912,5
201214921,11
201220265,12
201310567,9
201310630,13
201310687,10.5
201310706,11.5
201318211,10.5
201318284,13.5
201318322,10
201318467,10.5
201318470,10
201321733,11
201321734,11.5
201321741,11
201321746,10
201321747,10
201322103,12
201400373,12
201400383,9.5
201400384,9.5
201400385,15
201400389,13
201400435,11
201400449,15
201400458,13
201400463,8
201400468,12
201400470,14.5
201400497,12.5
201400499,11
201400508,10.5
201400523,11
201400535,11.5
201400537,12
201400541,13
201400552,12.5
201400557,11
201400580,12
201400584,13.5
201400606,13.5
201400634,11.5
201400651,9.5
201400654,14
201400661,11.5
201400680,9.5
201400685,12.5
201400691,10.5
201400708,12
201400756,14.5
201400785,9.5
201400788,8
201407955,13.5
201407970,12.5
201407984,10.5
201407988,8
201408038,11.5
201413001,11
