CARNET,NOTA
200314980,11
200320162,8.5
200710721,8
200715431,13
200717835,9.5
200817535,4.75
200817572,9.75
200817589,2.25
200915860,5.75
200915932,3.5
200915942,6
200915981,11.5
200921961,5
200942698,9
201013391,10
201013675,3.75
201018707,7.5
201112209,6
201112322,2
201112330,7
201112344,5.5
201119229,8.75
201119674,8.25
201210405,8
201210552,8
201210669,7.75
201210670,6
201210672,11
201210680,7
201210772,6
201210912,5
201214921,8.25
201220265,11.5
201310567,9.5
201310630,8
201310687,11
201310706,8
201318211,6
201318284,9.5
201318322,5.5
201318467,12
201318470,7.5
201321733,7.2
201321734,10
201321741,8.25
201321746,6.75
201321747,4.25
201322103,10
201400373,10.25
201400383,8.75
201400384,6.5
201400385,11
201400389,8.25
201400435,9.3
201400449,12
201400458,8.5
201400463,8.75
201400468,7.75
201400470,12.75
201400497,12
201400499,10.75
201400508,6.75
201400523,8.75
201400535,10
201400537,9.75
201400541,9.5
201400552,12.75
201400557,11.75
201400580,10.5
201400584,12.6
201400606,8.5
201400634,10
201400651,11
201400654,10.25
201400661,7.5
201400680,11.5
201400685,12.25
201400691,12.5
201400708,9.25
201400756,10.5
201400785,11.25
201400788,10.25
201407955,10.5
201407970,11.5
201407984,8.5
201407988,10.5
201408038,11.5
201413001,10
