Carnet,Nota
9711583,8.5
199910871,8
200710721,6.5
200722421,5
200915942,13.5
200916076,3
200916276,5.5
200921961,7
201013444,2.5
201013474,1
201013480,7
201013517,3
201013675,3.5
201018707,12
201110186,4.5
201112052,9
201112080,4.5
201112322,8
201117060,2
201119733,7.5
201210074,10.5
201210552,11.5
201210639,3.5
201210711,3.5
201210758,0
201210779,6
201210858,12
201210909,5.5
201210912,9
201220014,5.5
201310526,2.5
201310529,6
201310602,1.5
201310629,6.5
201310639,4
201310640,9.5
201310644,10
201310645,9
201310673,2.5
201310715,6
201315049,9.5
201315397,7.5
201318161,7
201318166,12
201318180,6.5
201318186,4.5
201318304,3.5
201318322,7
201321726,3.5
201321738,7
201321746,12
201321747,7.5
201321804,3.5
201322312,3
201330970,5.5
201345055,0
201400364,12
201400366,9
201400370,8
201400397,6.5
201400434,4
201400438,8.5
201400440,7.5
201400441,6
201400459,9
201400460,6.5
201400485,6
201400528,2.5
201400562,1.5
201400600,8.5
201400673,12
201400683,9.5
201400715,4.5
201407914,9
201407927,5.5
201407943,12
201408040,2.5
201408058,3
201408066,5.5
201408087,7.5
201408184,13.5
201408248,5
201411974,10
201413715,11
201480044,6
201502800,11
201502802,9
201502807,9
201502816,12.5
201502824,11.5
201502826,7
201502840,13
201502842,12
201502862,12
201502869,12.5
201502877,12
201502878,4.5
201502882,8
201502891,7.5
201502907,5.5
201502908,5.5
201502915,6.5
201502927,7.5
201502931,11
201502934,8.5
201502936,2.5
201502954,9
201502976,13.5
201502979,9
201502990,9.5
201502993,13.5
201503001,12
201503005,12.5
201503007,14.5
201503033,13.5
201503040,9
201503041,11
201503043,12.5
201503044,14.5
201503051,10
201503073,4.5
201503078,12.5
201503080,11
201503095,3.5
201503098,9.5
201503099,10
201503146,5
201503184,8
201503236,8.5
201503250,5
201503263,9.5
201503265,11
201503293,8.5
201503294,9.5
201503324,12.5
201503339,8.5
201513228,13.5
201513247,4
201513248,7.5
201513275,12
201513276,10.5
201513286,6
201513315,9
201513331,12
201513338,10
201513411,4
201513487,10
201513551,9
201513561,6
201580020,10.5
201580036,8
201580037,11.5
