Carnet,Nota
9711583,3.18
199910871,6.85
200710721,6.79
200722421,3.26
200915942,10.01
200916076,0.23
200916276,5.86
200921961,6.03
201013444,3.95
201013474,4.28
201013480,8.09
201013517,5.13
201013675,8.54
201018707,10.95
201110186,5.18
201112052,7.16
201112080,6.93
201112322,5.55
201117060,6.46
201119733,1.58
201210074,9.08
201210552,9.30
201210639,4.83
201210711,3.48
201210758,5.14
201210779,2.18
201210858,7.91
201210909,4.57
201210912,5.60
201220014,7.40
201310526,5.63
201310529,8.58
201310602,2.89
201310629,5.56
201310639,3.20
201310640,9.23
201310644,5.11
201310645,5.60
201310673,2.05
201310715,7.76
201315049,10.50
201315397,4.75
201318161,3.23
201318166,6.11
201318180,7.35
201318186,5.29
201318304,6.38
201318322,10.17
201321726,7.72
201321738,9.14
201321746,9.64
201321747,6.18
201321804,4.69
201322312,6.27
201330970,7.34
201345055,5.95
201400364,7.31
201400366,8.50
201400370,4.94
201400397,7.27
201400434,7.38
201400438,10.27
201400440,4.53
201400441,8.74
201400459,7.43
201400460,4.51
201400485,6.82
201400528,2.82
201400562,8.44
201400600,6.27
201400673,9.63
201400683,7.00
201400715,10.00
201407914,7.49
201407927,6.30
201407943,7.42
201408040,7.19
201408058,8.35
201408066,5.44
201408087,5.58
201408184,8.99
201408248,6.89
201411974,7.01
201413715,9.55
201480044,5.73
201502800,6.55
201502802,7.19
201502807,6.91
201502816,7.76
201502824,8.65
201502826,9.35
201502840,9.01
201502842,8.00
201502862,6.79
201502869,8.22
201502877,13.02
201502878,5.88
201502882,9.93
201502891,4.02
201502907,11.47
201502908,6.61
201502915,5.54
201502927,5.17
201502931,6.75
201502934,6.79
201502936,9.90
201502954,8.60
201502976,12.37
201502979,7.19
201502990,9.18
201502993,11.95
201503001,7.80
201503005,10.53
201503007,11.84
201503033,12.03
201503040,7.09
201503041,9.60
201503043,6.27
201503044,9.90
201503051,9.08
201503073,4.23
201503078,10.35
201503080,6.26
201503095,9.35
201503098,9.50
201503099,6.98
201503146,10.30
201503184,7.75
201503236,5.78
201503250,5.60
201503263,10.01
201503265,9.85
201503293,4.01
201503294,6.60
201503324,11.48
201503339,5.88
201513228,10.04
201513247,6.76
201513248,6.60
201513275,10.20
201513276,7.49
201513286,7.20
201513315,8.81
201513331,6.97
201513338,7.15
201513411,8.50
201513487,8.07
201513551,9.90
201513561,6.87
201580020,7.10
201580036,6.65
201580037,8.35
