Carnet,Nota
9711583,13.99
199910871,16.05
200710721,18.94
200722421,15.56
200915942,19.00
200916076,8.49
200916276,16.17
200921961,18.00
201013444,12.17
201013474,16.34
201013480,17.15
201013517,10.23
201013675,15.51
201018707,18.87
201110186,17.80
201112052,17.77
201112080,14.03
201112322,15.52
201117060,16.23
201119733,16.68
201210074,16.82
201210552,20.31
201210639,13.17
201210711,15.86
201210758,17.88
201210779,14.96
201210858,20.11
201210909,15.00
201210912,15.25
201220014,17.77
201310526,15.32
201310529,21.29
201310602,14.37
201310629,16.83
201310639,13.59
201310640,20.80
201310644,17.87
201310645,18.10
201310673,14.96
201310715,19.37
201315049,19.24
201315397,18.41
201318161,16.39
201318166,21.55
201318180,18.21
201318186,14.16
201318304,18.16
201318322,19.62
201321726,15.00
201321738,20.47
201321746,18.70
201321747,13.61
201321804,15.65
201322312,17.73
201330970,15.97
201345055,16.39
201400364,18.45
201400366,18.90
201400370,15.82
201400397,18.96
201400434,18.16
201400438,19.71
201400440,16.84
201400441,17.14
201400459,18.25
201400460,16.68
201400485,17.09
201400528,15.88
201400562,16.73
201400600,15.00
201400673,19.63
201400683,14.33
201400715,17.68
201407914,15.62
201407927,19.06
201407943,22.28
201408040,18.61
201408058,17.76
201408066,19.96
201408087,18.63
201408184,16.91
201408248,16.41
201411974,19.79
201413715,20.52
201480044,17.19
201502800,17.56
201502802,21.02
201502807,22.79
201502816,22.13
201502824,21.01
201502826,21.09
201502840,22.42
201502842,18.53
201502862,20.76
201502869,21.53
201502877,21.29
201502878,18.86
201502882,21.59
201502891,18.46
201502907,18.93
201502908,19.36
201502915,18.51
201502927,15.82
201502931,17.59
201502934,16.00
201502936,16.02
201502954,19.93
201502976,22.48
201502979,17.30
201502990,18.44
201502993,20.49
201503001,19.73
201503005,21.11
201503007,21.16
201503033,20.23
201503040,18.21
201503041,19.87
201503043,18.09
201503044,21.39
201503051,18.05
201503073,15.52
201503078,21.03
201503080,18.11
201503095,18.29
201503098,20.37
201503099,16.54
201503146,20.39
201503184,19.60
201503236,18.41
201503250,17.81
201503263,16.34
201503265,18.83
201503293,15.91
201503294,20.69
201503324,21.91
201503339,18.13
201513228,23.42
201513247,19.46
201513248,19.56
201513275,19.58
201513276,18.22
201513286,19.29
201513315,18.33
201513331,18.68
201513338,21.06
201513411,20.89
201513487,19.74
201513551,19.88
201513561,16.20
201580020,20.47
201580036,19.84
201580037,20.91
