CARNET,NOTA
200314980,3.97
200320162,4.03
200710721,4.00
200715431,4.61
200717835,4.48
200817535,2.96
200817572,4.55
200817589,2.49
200915860,4.04
200915932,2.56
200915942,4.46
200915981,3.98
200921961,3.89
200942698,4.53
201013391,4.36
201013675,4.33
201018707,3.94
201112209,5.00
201112322,2.23
201112330,3.92
201112344,3.50
201119229,3.86
201119674,4.69
201210405,4.39
201210552,4.00
201210669,4.21
201210670,4.20
201210672,4.58
201210680,5.00
201210772,4.49
201210912,4.16
201214921,3.68
201220265,4.37
201310567,3.74
201310630,4.00
201310687,4.74
201310706,3.92
201318211,3.68
201318284,3.93
201318322,3.74
201318467,4.58
201318470,3.73
201321733,4.00
201321734,4.07
201321741,4.53
201321746,3.76
201321747,4.40
201322103,4.65
201400373,4.71
201400383,3.95
201400384,4.53
201400385,4.63
201400389,4.38
201400435,4.21
201400449,4.64
201400458,4.64
201400463,3.65
201400468,4.54
201400470,4.69
201400497,4.58
201400499,4.42
201400508,4.33
201400523,4.38
201400535,4.45
201400537,4.66
201400541,4.44
201400552,4.14
201400557,4.50
201400580,4.69
201400584,3.83
201400606,4.51
201400634,4.65
201400651,4.65
201400654,4.63
201400661,4.36
201400680,4.51
201400685,4.61
201400691,4.63
201400708,4.66
201400756,4.23
201400785,4.46
201400788,4.58
201407955,3.81
201407970,3.81
201407984,4.52
201407988,3.85
201408038,4.52
201413001,4.53
