CARNET,NOTA
200314980,3.1
200320162,3.1
200710721,3.1
200715431,3.1
200717835,3.1
200817535,0
200817572,3.1
200817589,4.8
200915860,3.1
200915932,0
200915942,3.1
200915981,3.1
200921961,4.3
200942698,4.3
201013391,4.3
201013675,4.3
201018707,4.3
201112209,4.3
201112322,3.1
201112330,4.3
201112344,4.3
201119229,4.3
201119674,4.3
201210405,4.3
201210552,3.2
201210669,3.5
201210670,3.2
201210672,3.2
201210680,3.2
201210772,3.2
201210912,3.2
201214921,3.2
201220265,3.2
201310567,3.2
201310630,3.2
201310687,3.8
201310706,3.8
201318211,3.8
201318284,3.8
201318322,3.8
201318467,3.8
201318470,3.8
201321733,3.8
201321734,3.8
201321741,3.8
201321746,3.8
201321747,4.1
201322103,4.1
201400373,4.1
201400383,4.1
201400384,4.1
201400385,4.1
201400389,4.1
201400435,4.1
201400449,4.1
201400458,4.1
201400463,4.1
201400468,4.1
201400470,4.1
201400497,4.1
201400499,4.1
201400508,4.1
201400523,4.1
201400535,4.1
201400537,4.1
201400541,4.1
201400552,4.1
201400557,4.1
201400580,4
201400584,4
201400606,4
201400634,4
201400651,4
201400654,4
201400661,4
201400680,4
201400685,4
201400691,4
201400708,4.8
201400756,4.8
201400785,4.8
201400788,4.8
201407955,4.8
201407970,4.8
201407984,4.8
201407988,4.8
201408038,4.8
201413001,4.8
