CARNET,NOTA
200314980,7.91
200320162,5.68
200710721,6.32
200715431,8.53
200717835,11.73
200817535,1.96
200817572,6.94
200817589,2.07
200915860,5.49
200915932,3.07
200915942,7
200915981,4.38
200921961,2.5
200942698,6.45
201013391,5.13
201013675,3.31
201018707,6.02
201112209,0.94
201112322,2.5
201112330,6.09
201112344,3.47
201119229,8.76
201119674,10
201210405,5.09
201210552,5.12
201210669,9.88
201210670,7.94
201210672,8.47
201210680,5.32
201210772,6.71
201210912,6.13
201214921,4.12
201220265,8.15
201310567,7.3
201310630,10.11
201310687,8.98
201310706,7.3
201318211,6.57
201318284,10.23
201318322,4.13
201318467,8.57
201318470,7.56
201321733,4.23
201321734,7.98
201321741,8.39
201321746,5.96
201321747,5.1
201322103,9.6
201400373,8.56
201400383,7.2
201400384,9.38
201400385,12.19
201400389,10.77
201400435,6.25
201400449,10.35
201400458,9.14
201400463,2.95
201400468,10.46
201400470,13.46
201400497,10.87
201400499,7.95
201400508,7.26
201400523,8.01
201400535,4.89
201400537,8.01
201400541,9.05
201400552,9.19
201400557,8.09
201400580,10.34
201400584,10.7
201400606,6.63
201400634,6.58
201400651,6.75
201400654,10.84
201400661,6.81
201400680,8.12
201400685,11.72
201400691,9.74
201400708,12.32
201400756,7.2
201400785,7.89
201400788,7.87
201407955,6.37
201407970,8
201407984,10.89
201407988,6.98
201408038,8.64
201413001,8.89
