Carnet,Nota
9711583,6
199910871,8.5
200710721,9
200722421,3
200915942,8.5
200916076,3
200916276,5.5
200921961,5
201013444,0.5
201013474,4.5
201013480,8.5
201013517,8
201013675,8
201018707,11.5
201110186,4.5
201112052,7.5
201112080,5.5
201112322,9
201117060,7
201119733,8
201210074,8.5
201210552,9.5
201210639,7.5
201210711,4
201210758,8.5
201210779,4.5
201210858,8
201210909,4
201210912,5
201220014,6.5
201310526,6
201310529,10.5
201310602,0.5
201310629,8
201310639,0.5
201310640,9.5
201310644,8.5
201310645,6.5
201310673,4
201310715,9
201315049,8.5
201315397,7.5
201318161,5.5
201318166,12
201318180,3.5
201318186,2
201318304,6
201318322,7
201321726,7.5
201321738,6.5
201321746,11
201321747,9
201321804,7
201322312,5.5
201330970,10
201345055,9
201400364,7.5
201400366,8.5
201400370,10.5
201400397,8
201400434,9.5
201400438,4
201400440,4.5
201400441,6
201400459,8
201400460,4
201400485,5
201400528,3
201400562,4.5
201400600,9
201400673,8
201400683,4
201400715,7.5
201407914,7.5
201407927,7.5
201407943,10
201408040,5
201408058,5
201408066,8
201408087,5.5
201408184,6.5
201408248,6
201411974,10.5
201413715,11.5
201480044,4
201502800,7.5
201502802,13.5
201502807,12
201502816,9.5
201502824,8.5
201502826,8.5
201502840,9.5
201502842,9
201502862,12.5
201502869,9
201502877,13.5
201502878,8.5
201502882,8.5
201502891,7.5
201502907,10.5
201502908,10.5
201502915,5.5
201502927,8.5
201502931,12.5
201502934,8.5
201502936,6
201502954,7.5
201502976,11
201502979,8
201502990,12
201502993,10.5
201503001,8
201503005,10
201503007,12.5
201503033,13.5
201503040,5
201503041,10.5
201503043,10
201503044,9.5
201503051,9
201503073,4
201503078,10
201503080,8.5
201503095,10
201503098,11.5
201503099,9
201503146,9.5
201503184,6.5
201503236,10.5
201503250,4
201503263,6.5
201503265,12
201503293,7
201503294,10
201503324,11.5
201503339,7.5
201513228,13.5
201513247,10
201513248,11
201513275,10
201513276,8
201513286,9.5
201513315,11
201513331,8
201513338,9
201513411,7
201513487,10.5
201513551,10.5
201513561,6
201580020,8.5
201580036,9
201580037,13.5
