CARNET,NOTA
9710671,0.53
200611665,6.86
200722625,8.98
200810452,10.80
200817684,2.40
200918354,5.90
201013411,10.58
201013443,7.61
201013608,7.73
201112048,5.95
201112128,7.44
201112197,1.13
201210748,6.43
201215313,5.76
201400484,8.62
201400549,8.16
201400604,6.02
201400619,5.50
201400631,9.74
201400689,5.95
201403441,5.90
201502813,7.68
201502831,9.10
201502870,7.56
201502926,8.74
201502970,8.52
201503008,6.55
201503038,7.15
201503120,9.53
201503170,7.90
201503296,7.34
201503316,10.94
