CARNET,NOTA
9710671,0.20
200611665,7.53
200722625,7.40
200810452,6.91
200817684,2.12
200918354,6.36
201013411,7.48
201013443,7.22
201013608,7.24
201112048,7.29
201112128,7.42
201112197,2.74
201210748,7.76
201215313,7.19
201400484,7.70
201400549,7.65
201400604,7.54
201400619,7.56
201400631,7.42
201400689,7.70
201403441,7.38
201502813,7.57
201502831,7.42
201502870,7.38
201502926,7.44
201502970,7.34
201503008,7.58
201503038,7.44
201503120,7.47
201503170,7.64
201503296,7.69
201503316,7.59
