CARNET,NOTA
9710671,0.00
200611665,6.96
200722625,10.44
200810452,7.84
200817684,5.10
200918354,3.79
201013411,11.04
201013443,8.40
201013608,7.35
201112048,6.09
201112128,7.61
201112197,2.68
201210748,5.51
201215313,9.84
201400484,8.38
201400549,6.47
201400604,6.45
201400619,7.93
201400631,11.53
201400689,5.40
201403441,6.71
201502813,9.56
201502831,8.08
201502870,8.91
201502926,8.70
201502970,8.66
201503008,8.94
201503038,6.30
201503120,9.28
201503170,8.27
201503296,8.10
201503316,11.76
