carnet,nota
200110035,6.05
200210927,6.9
200313754,10.9
200413951,7.3
200512351,12.4
200512379,5.7
200610921,9.7
200715618,7.6
200715722,10.8
200715791,10.3
200810431,9.4
200810517,9.6
200811350,6.7
200817708,5.73
200880028,11.1
200915864,9.3
200918254,10
201012065,8.6
201013417,8.75
201013493,7.9
201013572,8
201013689,8.83
201013765,10.6
201013785,8.2
201015329,9.3
201020026,9
201021737,8.5
201021787,8.1
201111964,11.2
201112046,7.9
201112081,10.7
201112149,12.2
201112161,9.4
201112184,8.2
201112204,7.4
201112232,10.4
201112270,7.9
201112319,8.8
201112350,12.3
201124083,6.85
201210553,11.5
201210562,9.3
201210617,6.3
201210642,10.2
201210645,10.35
201210665,10.3
201210682,11.9
201210683,8.3
201210691,13.4
201210705,11.6
201210729,8.2
201210732,10.1
201210744,12.4
201210755,7.7
201210766,8.8
201210823,9.3
201210828,10.35
201210847,10.9
201210870,11.3
201210897,10.3
201210900,8.8
201214713,10.9
201220212,7.6
201220297,9.3
201245563,10.9
201280026,10.3
201280027,8.3
201310522,9.9
201310541,9.8
201310551,10.3
201310562,12.9
201310564,9.9
201310568,11.9
201310571,11.3
201310575,9.15
201310594,13.1
201310596,9.8
201310612,9.6
201310613,11.3
201310614,8.1
201310621,12.55
201310648,11.3
201310654,8.6
201310657,11.9
201310667,12.2
201310669,10.6
201310670,11.6
201310676,10.45
201310682,8.2
201310688,9.9
201310697,11
201310699,11.8
201310700,13.4
201310703,9.4
201318169,8
201318215,10.3
201318218,9.7
201318347,8.3
201318376,11.4
201321724,12
201321729,7.45
201321740,12.4
201380007,12.3
201380027,6.85
201380041,10.3
,
