Carnet,Trabajo de Investigacion
200110035,5.91
200210927,4.22
200317279,5.86
200413945,5.86
200512379,5.86
200610568,7.66
200610588,6.91
200715577,5.86
200715751,6.91
200715791,7.76
200717835,6.43
200718297,5.24
200810417,4.22
200817708,5.81
200910572,6.32
200915915,6.96
200916250,6.86
200918254,6.86
200980037,5.24
201013785,6.96
201015329,5.92
201112046,5.92
201112204,5.92
201112232,6.3
201119229,7.03
201124083,6.3
201210405,5.95
201210617,6.17
201210669,6.96
201210672,6.1
201210729,6.1
201210740,4.5
201220212,6.17
201220265,6.1
201220309,4.5
201310523,8.38
201310566,6.32
201310596,6.17
201310630,6.17
201310682,7.08
201310687,6.27
201310706,6.1
201318284,6
201318467,8.28
201318470,0
201321734,7.03
201321741,6
201322103,7.18
201400373,7.1
201400383,7.03
201400384,7.71
201400385,6.48
201400389,5.24
201400435,7.71
201400449,6.43
201400458,4.5
201400468,7.71
201400470,5.24
201400497,6.48
201400499,6.7
201400508,8.33
201400535,7.71
201400537,6.65
201400552,6.45
201400557,6.43
201400580,8.38
201400584,4.22
201400606,6.6
201400634,4.5
201400651,4.65
201400654,4.22
201400661,6.5
201400680,4.22
201400685,5.24
201400708,5.24
201400756,7
201400785,6.43
201400788,8.38
201407984,4.22
201407988,4.55
201408038,6.55
201413001,8.28
