Carnet,Cortos
200110035,7.89
200210927,5.96
200317279,5.76
200413945,3.25
200512379,9.06
200610568,3.33
200610588,6.06
200715577,5.00
200715751,6.40
200715791,3.22
200717835,8.83
200718297,3.06
200810417,5.00
200817708,6.01
200910572,9.97
200915915,8.03
200916250,6.78
200918254,10.59
200980037,7.87
201013785,9.37
201015329,8.68
201112046,7.56
201112204,7.70
201112232,7.93
201119229,11.00
201124083,9.44
201210405,4.33
201210617,8.90
201210669,9.55
201210672,4.47
201210729,7.56
201210740,3.18
201220212,10.33
201220265,6.94
201220309,6.71
201310523,12.70
201310566,9.00
201310596,10.35
201310630,8.79
201310682,4.74
201310687,7.93
201310706,7.12
201318284,6.70
201318467,7.81
201318470,8.22
201321734,8.06
201321741,9.50
201322103,10.08
201400373,10.11
201400383,10.08
201400384,9.76
201400385,11.78
201400389,11.58
201400435,9.21
201400449,9.74
201400458,8.11
201400468,8.41
201400470,12.26
201400497,9.96
201400499,9.71
201400508,10.00
201400535,8.53
201400537,11.26
201400552,11.70
201400557,9.14
201400580,11.78
201400584,7.58
201400606,6.12
201400634,7.97
201400651,9.18
201400654,7.19
201400661,8.39
201400680,9.27
201400685,9.07
201400708,10.02
201400756,8.94
201400785,11.06
201400788,8.70
201407984,7.54
201407988,11.26
201408038,10.00
201413001,9.96
