Carnet,I Parcial
200110035,11.9
200210927,9.6
200317279,9.52
200413945,6.8
200512379,10.1
200610568,3.8
200610588,5.74
200715577,8.98
200715751,8.46
200715791,8.12
200717835,11.68
200718297,9.42
200810417,5.8
200817708,13.3
200910572,12.26
200915915,6.7
200916250,6.44
200918254,12.3
200980037,9.1
201013785,11.4
201015329,11.86
201112046,12.36
201112204,10.94
201112232,14.12
201119229,12.4
201124083,11.18
201210405,11.58
201210617,10.92
201210669,7.36
201210672,9.8
201210729,9.7
201210740,4.58
201220212,11.36
201220265,9.62
201220309,10.74
201310523,14.02
201310566,13.08
201310596,13.8
201310630,12.76
201310682,13.72
201310687,11.06
201310706,11.3
201318284,13.9
201318467,8.58
201318470,10.74
201321734,13.02
201321741,12.42
201322103,12.6
201400373,12.8
201400383,13.32
201400384,10.88
201400385,14.3
201400389,12.06
201400435,12.5
201400449,10.72
201400458,9.84
201400468,10.06
201400470,14.26
201400497,10.04
201400499,12.08
201400508,8.78
201400535,13.42
201400537,12.16
201400552,11.98
201400557,9.7
201400580,13.2
201400584,13.5
201400606,10.76
201400634,11.16
201400651,11.26
201400654,14.76
201400661,11.84
201400680,8.24
201400685,11.84
201400708,13.92
201400756,13.06
201400785,10.72
201400788,10.76
201407984,9.52
201407988,10.28
201408038,10.52
201413001,11.66
