carne,nota
200110035,9.20
200210927,5.95
200313629,7.70
200313754,9.25
200413951,10.30
200512351,10.10
200512379,5.00
200610921,12.20
200715618,10.45
200715722,9.55
200715791,6.70
200810431,9.75
200810517,7.55
200811350,9.20
200817708,8.95
200880028,11.10
200915864,9.20
200918254,9.45
201012065,9.90
201013417,12.30
201013493,5.85
201013572,10.30
201013689,8.70
201013765,8.70
201013785,7.95
201015329,6.90
201020026,7.40
201021737,8.85
201021787,9.90
201111964,12.80
201112046,8.70
201112081,13.95
201112149,11.50
201112161,8.20
201112184,10.00
201112204,8.65
201112232,7.80
201112270,9.85
201112319,7.00
201112350,12.45
201124083,6.75
201210553,13.00
201210562,13.50
201210617,8.70
201210642,10.45
201210645,11.15
201210665,11.40
201210682,12.85
201210683,9.65
201210691,14.10
201210705,9.90
201210729,7.10
201210732,13.50
201210744,12.25
201210755,12.35
201210766,12.00
201210823,9.25
201210828,8.50
201210847,13.20
201210870,10.25
201210897,10.95
201210900,8.60
201214713,14.80
201220212,8.30
201220297,10.70
201245563,12.05
201280026,10.85
201280027,3.05
201310522,12.10
201310541,10.53
201310551,9.30
201310562,12.00
201310564,12.25
201310568,9.45
201310571,11.30
201310575,10.25
201310594,12.95
201310596,7.05
201310612,9.45
201310613,12.70
201310614,10.55
201310621,13.10
201310648,11.30
201310654,11.55
201310657,11.35
201310667,9.30
201310669,8.55
201310670,13.70
201310676,12.85
201310682,7.85
201310688,5.00
201310697,12.00
201310699,13.70
201310700,14.10
201310703,13.00
201318169,10.65
201318215,9.65
201318218,11.80
201318347,11.40
201318376,8.35
201321724,13.50
201321729,11.80
201321740,12.65
201380007,13.10
201380027,11.55
201380041,10.00
