carnet,nota
200110035,6.79
200210927,5.38
200313754,5.47
200413951,3
200512351,2.25
200512379,6.78
200610921,5.48
200715618,6.82
200715722,5.35
200715791,5.37
200810431,5.47
200810517,4.43
200811350,5.47
200817708,5.47
200880028,8.99
200915864,8.99
200918254,4.12
201012065,5.66
201013417,8.99
201013493,7.38
201013572,4.12
201013689,6.89
201013765,7.96
201013785,4.43
201015329,4.43
201020026,5.66
201021737,6.92
201021787,7.38
201111964,4.43
201112046,6.92
201112081,4.44
201112149,4.43
201112161,7.38
201112184,6.91
201112204,7.39
201112232,7.4
201112270,6.92
201112319,7.4
201112350,4.43
201124083,7.38
201210553,9.42
201210562,5.78
201210617,5.79
201210642,8.99
201210645,4.12
201210665,7.38
201210682,3
201210683,8.99
201210691,4.43
201210705,8.99
201210729,9
201210732,6.91
201210744,4.13
201210755,4.43
201210766,7.94
201210823,4.82
201210828,5.36
201210847,5.78
201210870,6.9
201210897,4.12
201210900,6.89
201214713,6.92
201220212,6.87
201220297,5.78
201245563,9.41
201280026,8.99
201280027,7.98
201310522,5.66
201310541,4.82
201310551,6.82
201310562,6.81
201310564,9.44
201310568,6.83
201310571,6.8
201310575,5.66
201310594,7.95
201310596,6.93
201310612,4.85
201310613,4.83
201310614,5.78
201310621,9.44
201310648,7.97
201310654,9.43
201310657,6.8
201310667,6.8
201310669,9.43
201310670,7.99
201310676,6.91
201310682,4.83
201310688,4.85
201310697,9.43
201310699,4.83
201310700,7.96
201310703,7.97
201318169,9.41
201318215,6.82
201318218,5.67
201318347,6.81
201318376,4.84
201321724,6.79
201321729,6.79
201321740,6.83
201380007,6.81
201380027,5.66
201380041,5.66
,
