carnet,redondear
200110035,11.7
200210927,7.41
200313754,11.64
200413951,9.06
200512351,11.07
200512379,5.52
200610921,10.94
200715618,6.71
200715722,12.29
200715791,8.9
200810431,10.32
200810517,7.43
200811350,10.57
200817708,11.52
200880028,12.28
200915864,10.4
200918254,6.29
201012065,9.5
201013417,10.26
201013493,7.61
201013572,8.83
201013689,9.34
201013765,9.57
201013785,9.13
201015329,7.18
201020026,7.18
201021737,7.98
201021787,10.48
201111964,10.16
201112046,8.98
201112081,10.1
201112149,9.61
201112161,5.93
201112184,8.22
201112204,5.29
201112232,3.99
201112270,10.15
201112319,7.22
201112350,10.63
201124083,6.76
201210553,13.27
201210562,11.68
201210617,6.41
201210642,7.8
201210645,9.81
201210665,8.19
201210682,11.77
201210683,7.76
201210691,9.23
201210705,11.96
201210729,10.28
201210732,13.38
201210744,9.28
201210755,9.78
201210766,11.99
201210823,10.84
201210828,7.41
201210847,11.64
201210870,8.01
201210897,6.52
201210900,6.5
201214713,12.93
201220212,5.44
201220297,7.7
201245563,11.44
201280026,11.39
201280027,12.84
201310522,9.5
201310541,10.12
201310551,10.8
201310562,13.49
201310564,11.73
201310568,11.22
201310571,8.44
201310575,10.72
201310594,13.39
201310596,8.61
201310612,9.63
201310613,6.5
201310614,10.18
201310621,12.39
201310648,11.06
201310654,10.53
201310657,13.75
201310667,11.44
201310669,14.55
201310670,11.73
201310676,10.7
201310682,6.49
201310688,12.08
201310697,12.1
201310699,11.99
201310700,13.4
201310703,13.82
201318169,11.14
201318215,11.9
201318218,10.59
201318347,9.49
201318376,8.62
201321724,13.69
201321729,9.96
201321740,9.88
201380007,15.98
201380027,8.85
201380041,10.7
,
