Carnet,II Parcial
200110035,10.94
200210927,7.49
200317279,8.82
200413945,7.09
200512379,8.51
200610568,4.66
200610588,6.04
200715577,11.74
200715751,7.52
200715791,10.73
200717835,9.63
200718297,9.94
200810417,7.49
200817708,11.64
200910572,11.45
200915915,9.14
200916250,8.97
200918254,10.6
200980037,6.89
201013785,12.26
201015329,9.66
201112046,10.11
201112204,10.84
201112232,11.11
201119229,10.14
201124083,11.66
201210405,10.78
201210617,10.1
201210669,11.23
201210672,7.93
201210729,10.56
201210740,0
201220212,10.14
201220265,9.32
201220309,10.43
201310523,14.5
201310566,10.12
201310596,10.44
201310630,10.45
201310682,13.04
201310687,10.73
201310706,12.27
201318284,10.82
201318467,11.59
201318470,9.83
201321734,10.92
201321741,10.4
201322103,11.85
201400373,12.3
201400383,10
201400384,11.33
201400385,11.57
201400389,11.03
201400435,11.23
201400449,10.82
201400458,10.19
201400468,11.85
201400470,12.91
201400497,11.84
201400499,12.13
201400508,9.55
201400535,10
201400537,12.54
201400552,11.35
201400557,10.02
201400580,12.44
201400584,11.53
201400606,11.68
201400634,11.46
201400651,11.81
201400654,8.46
201400661,11.88
201400680,9.32
201400685,10.92
201400708,11.63
201400756,9.42
201400785,9.05
201400788,9.59
201407984,10.24
201407988,10.25
201408038,10.88
201413001,12.33
