Carnet,Laboratorio
200110035,11.70
200210927,10.44
200317279,7.44
200413945,8.15
200512379,9.86
200610568,4.75
200610588,8.70
200715577,11.39
200715751,10.04
200715791,11.71
200717835,10.02
200718297,6.64
200810417,8.34
200817708,11.52
200910572,13.06
200915915,8.35
200916250,7.47
200918254,10.21
200980037,8.27
201013785,11.61
201015329,8.75
201112046,10.92
201112204,9.59
201112232,8.46
201119229,9.63
201124083,12.44
201210405,9.60
201210617,11.18
201210669,10.48
201210672,9.56
201210729,10.28
201210740,7.73
201220212,10.62
201220265,9.31
201220309,11.76
201310523,13.55
201310566,10.82
201310596,10.26
201310630,10.98
201310682,12.33
201310687,12.87
201310706,11.71
201318284,10.51
201318467,12.40
201318470,9.38
201321734,10.31
201321741,9.41
201322103,11.04
201400373,10.30
201400383,8.74
201400384,8.24
201400385,9.12
201400389,10.85
201400435,9.24
201400449,7.96
201400458,10.71
201400468,9.05
201400470,11.74
201400497,5.72
201400499,11.84
201400508,10.42
201400535,9.93
201400537,11.18
201400552,12.23
201400557,10.04
201400580,13.23
201400584,6.75
201400606,12.30
201400634,10.89
201400651,8.86
201400654,7.94
201400661,12.54
201400680,10.23
201400685,12.57
201400708,9.74
201400756,11.11
201400785,10.46
201400788,11.60
201407984,9.63
201407988,9.78
201408038,10.86
201413001,11.40
