8818125,45
200011847,43
200210927,28
200313629,42
200313754,32
200512351,37
200512358,42
200518107,50
200610921,40
200614400,45
200614626,52
200715463,44
200715610,42
200715722,35
200715765,46
200718236,39
200780043,43
200810431,36
200810495,48
200810590,49
200811338,51
200811350,32
200817309,53
200817708,41
200915818,43
200916289,45
200918192,46
200918257,37
200924182,44
201012302,47
201013353,44
201013442,42
201013475,50
201013477,39
201013479,48
201013609,54
201015329,36
201021737,41
201021787,41
201111964,42
201112015,35
201112041,46
201112081,45
201112094,42
201112131,52
201112136,48
201112149,40
201112170,45
201112200,46
201112233,44
201112248,44
201112278,44
201112291,48
201112319,31
201112350,38
201114635,56
201124097,38
201180011,47
201180038,53
201210538,44
201210557,34
201210563,53
201210565,47
201210602,49
201210646,47
201210650,50
201210673,42
201210674,41
201210675,43
201210681,51
201210691,42
201210695,57
201210702,49
201210706,38
201210709,42
201210710,41
201210715,52
201210718,42
201210732,41
201210739,48
201210742,51
201210744,35
201210754,51
201210755,38
201210756,42
201210766,38
201210773,53
201210778,46
201210783,50
201210794,47
201210834,43
201210882,55
201210905,51
201220328,49
201220335,48
201220354,42
201220425,53
201220445,49
201222437,41
201280028,52
,
