carnet,nota
200110035,8.32
200210927,2.2
200313754,7.8
200413951,9.67
200512351,9.11
200512379,7.7
200610921,1.85
200715618,10.07
200715722,9.26
200715791,2.45
200810431,9.16
200810517,9.16
200811350,4.16
200817708,7.05
200880028,9.42
200915864,10.17
200918254,7.31
201012065,10.36
201013417,10.47
201013493,11.46
201013572,10.66
201013689,9.76
201013765,10.71
201013785,9.26
201015329,9.16
201020026,10.26
201021737,9.05
201021787,8.05
201111964,9.51
201112046,6.32
201112081,10.21
201112149,9.96
201112161,8.66
201112184,10.76
201112204,8.9
201112232,6.2
201112270,7.77
201112319,8.05
201112350,10.2
201124083,9.37
201210553,10.36
201210562,9.95
201210617,10.11
201210642,10.97
201210645,9.7
201210665,9.12
201210682,12.36
201210683,10.47
201210691,9.4
201210705,9.77
201210729,8.66
201210732,9.26
201210744,12.47
201210755,11.01
201210766,9.67
201210823,6.61
201210828,10.32
201210847,12.12
201210870,10.82
201210897,11.23
201210900,11.07
201214713,11.42
201220212,5.5
201220297,5.9
201245563,9.55
201280026,8.3
201280027,10.52
201310522,9.25
201310541,8.01
201310551,11.25
201310562,12.66
201310564,9.3
201310568,9.37
201310571,9.67
201310575,9.56
201310594,11.51
201310596,3.66
201310612,10.76
201310613,10.76
201310614,10.3
201310621,10.91
201310648,11.67
201310654,8.8
201310657,12.41
201310667,11.77
201310669,10.17
201310670,11.96
201310676,8.9
201310682,9.51
201310688,9.46
201310697,12.16
201310699,9.37
201310700,13.17
201310703,12.26
201318169,11.15
201318215,9.87
201318218,9.66
201318347,9.97
201318376,8.96
201321724,12.86
201321729,10
201321740,10
201380007,11.86
201380027,9.3
201380041,11.7
,
