carnet;nota
8818125;4.00
200010198;3.00
200011847;3.20
200318850;4.00
200414065;3.00
200512358;3.50
200515232;4.00
200515350;0.00
200518107;3.00
200610616;4.00
200614400;4.00
200614626;3.00
200715463;3.50
200715500;4.00
200715765;3.00
200780043;4.00
200810495;3.80
200810590;4.00
200817309;3.00
200915854;4.00
200915895;2.50
200915988;3.00
200916143;3.00
200918192;2.50
200918196;4.00
200918257;4.00
200924182;4.00
201012302;3.50
201013353;2.00
201013442;4.00
201013475;4.00
201013477;4.00
201013479;4.00
201013609;4.00
201021738;3.00
201112041;3.50
201112094;4.00
201112131;4.00
201112136;3.00
201112170;3.50
201112200;3.50
201112233;3.00
201112274;3.80
201112278;4.00
201112291;4.00
201114635;2.80
201124099;2.80
201180038;3.00
201210538;4.00
201210557;3.50
201210563;3.50
201210565;3.80
201210602;2.80
201210646;4.00
201210650;3.80
201210674;2.80
201210675;3.00
201210681;3.50
201210695;3.00
201210702;3.00
201210706;2.80
201210709;3.50
201210710;2.80
201210715;4.00
201210718;2.80
201210739;3.50
201210742;2.80
201210754;3.50
201210756;4.00
201210773;3.00
201210778;3.50
201210783;4.00
201210794;3.50
201210834;3.50
201210882;3.80
201210905;3.00
201220328;3.80
201220335;3.00
201220354;3.80
201220425;3.50
201220445;3.50
201222437;3.00
201280028;3.50
