carnet,nota
9711549,10.07
200010198,7.56
200313754,5.57
200610921,11.41
200614626,10.57
200715610,10.01
200715618,10.72
200715722,10.55
200810431,7.98
200810498,11.22
200810517,9.91
200810574,8.98
200811338,11.22
200880028,9.57
200915864,10.28
201012065,9.53
201013417,11.51
201013572,8.26
201013689,9.16
201013765,10.02
201020026,9.66
201021737,9.76
201021787,9.60
201111964,7.85
201112081,9.82
201112149,11.20
201112184,9.20
201112248,9.95
201112270,7.22
201112350,12.22
201210553,12.28
201210562,10.47
201210642,11.51
201210645,11.07
201210673,11.97
201210674,11.07
201210682,9.01
201210691,11.35
201210705,10.06
201210732,12.53
201210766,8.32
201210823,10.95
201210847,10.60
201210870,10.07
201210897,10.88
201210900,8.86
201214713,14.35
201220297,8.97
201245563,14.53
201280026,8.33
201280027,7.80
201310522,7.91
201310541,9.12
201310551,10.95
201310562,13.22
201310564,10.38
201310568,10.78
201310571,6.17
201310594,11.16
201310612,9.76
201310613,11.07
201310621,10.72
201310648,11.52
201310654,10.07
201310657,11.35
201310667,11.10
201310669,9.42
201310670,11.85
201310676,10.72
201310688,10.55
201310697,13.85
201310699,12.72
201310700,14.10
201310703,12.60
201318169,11.82
201318215,10.66
201318218,12.91
201318376,11.85
201321724,13.07
201321729,12.03
201321740,11.01
201380007,13.35
201380027,7.73
201380041,12.70
