carnet;nota
200010198;4.81
200011847;9.03
200318850;5.61
200414065;11.43
200512358;8.67
200515232;9.01
200515350;0.00
200518107;10.92
200610616;12.79
200614400;6.11
200614626;8.67
200715463;7.31
200715500;6.63
200715765;6.97
200780043;12.28
200810495;8.37
200810590;10.55
200817309;6.46
200915854;11.58
8818125;11.93
200915895;4.93
200915988;8.51
200916143;5.78
200918192;6.38
200918196;4.78
200918257;6.99
200924182;8.32
201012302;8.33
201013353;7.48
201013442;8.18
201013475;8.69
201013477;8.34
201013479;9.97
201013609;9.88
201021738;10.58
201112041;8.18
201112094;11.08
201112131;9.71
201112136;9.71
201112170;9.21
201112200;8.18
201112233;11.43
201112274;9.73
201112278;10.14
201112291;8.71
201114635;11.92
201124099;7.99
201180038;7.30
201210538;7.84
201210557;10.92
201210563;13.27
201210565;11.60
201210602;11.26
201210646;9.01
201210650;12.94
201210674;6.82
201210675;8.81
201210681;12.42
201210695;13.64
201210702;13.98
201210706;10.02
201210709;9.36
201210710;9.22
201210715;12.62
201210718;9.89
201210739;9.87
201210742;12.96
201210754;13.81
201210756;11.24
201210773;13.30
201210778;6.12
201210783;13.44
201210794;9.01
201210834;8.71
201210882;12.27
201210905;11.94
201220328;12.11
201220335;7.84
201220354;9.38
201220425;13.98
201220445;9.54
201222437;9.69
201280028;11.60
