carnet,nota
9711549,10.27
200010198,8.62
200313754,6.18
200610921,12.12
200614626,11.98
200715610,10.15
200715618,11.05
200715722,9.55
200810431,7.75
200810498,8.08
200810517,8.51
200810574,9.1
200811338,11.1
200880028,11.21
200915864,10.12
201012065,11.33
201013417,9.56
201013572,9.33
201013689,10.5
201013765,11.81
201020026,8.58
201021737,10.87
201021787,7.97
201111964,11.51
201112081,10.17
201112149,7.53
201112184,10.28
201112248,9.56
201112270,10.65
201112350,11.06
201210553,11.85
201210562,11.58
201210642,10.04
201210645,10.83
201210673,9.29
201210674,14.4
201210682,13.13
201210691,13.24
201210705,9.79
201210732,12.08
201210766,12.33
201210823,5.73
201210847,10.95
201210870,10.8
201210897,9.11
201210900,8.79
201214713,13.68
201220297,10.83
201245563,10.58
201280026,12.75
201280027,11.55
201310522,9.98
201310541,10.12
201310551,8.28
201310562,13.65
201310564,12.15
201310568,10.95
201310571,10.53
201310594,12.94
201310612,10.6
201310613,12.56
201310621,11.14
201310648,12.68
201310654,7.83
201310657,11.85
201310667,11.36
201310669,9.78
201310670,10.31
201310676,10.61
201310688,10.07
201310697,12.56
201310699,11.32
201310700,14.85
201310703,12.03
201318169,9.64
201318215,10.2
201318218,10.45
201318376,7.63
201321724,14.55
201321729,12.25
201321740,9.6
201380007,12.15
201380027,11.13
201380041,11.02
