carnet,nota
9711549,11.93
200010198,9.87
200313754,11.49
200610921,8.78
200614626,9.60
200715610,12.23
200715618,11.73
200715722,9.55
200810431,9.94
200810498,12.89
200810517,12.47
200810574,12.70
200811338,12.28
200880028,11.74
200915864,16.00
201012065,9.49
201013417,11.50
201013572,10.00
201013689,10.80
201013765,9.86
201020026,10.86
201021737,9.69
201021787,9.00
201111964,13.07
201112081,11.51
201112149,8.34
201112184,12.08
201112248,9.00
201112270,10.23
201112350,10.65
201210553,10.96
201210562,12.71
201210642,12.36
201210645,11.98
201210673,9.39
201210674,10.24
201210682,9.45
201210691,12.53
201210705,10.74
201210732,12.15
201210766,9.82
201210823,9.47
201210847,12.24
201210870,10.98
201210897,10.08
201210900,11.44
201214713,11.59
201220297,9.35
201245563,9.35
201280026,12.16
201280027,12.58
201310522,12.90
201310541,7.44
201310551,11.20
201310562,13.45
201310564,10.56
201310568,11.04
201310571,11.93
201310594,14.12
201310612,10.67
201310613,10.34
201310621,12.33
201310648,12.27
201310654,10.42
201310657,9.95
201310667,11.17
201310669,10.16
201310670,12.45
201310676,12.34
201310688,12.42
201310697,10.54
201310699,11.03
201310700,11.46
201310703,12.42
201318169,10.26
201318215,11.42
201318218,11.85
201318376,9.12
201321724,12.42
201321729,12.38
201321740,12.95
201380007,11.82
201380027,12.16
201380041,11.15
