carnet,nota
9711549,5.08
200010198,4.68
200313754,6.45
200610921,6.50
200614626,5.03
200715610,5.03
200715618,6.20
200715722,5.45
200810431,7.63
200810498,5.37
200810517,6.94
200810574,6.30
200811338,5.30
200880028,4.68
200915864,4.68
201012065,6.97
201013417,7.78
201013572,7.63
201013689,6.14
201013765,8.00
201020026,6.94
201021737,7.63
201021787,6.40
201111964,4.90
201112081,4.96
201112149,4.96
201112184,7.03
201112248,7.68
201112270,7.63
201112350,4.91
201210553,7.50
201210562,4.86
201210642,7.78
201210645,4.86
201210673,6.88
201210674,7.30
201210682,5.40
201210691,5.03
201210705,5.73
201210732,5.36
201210766,7.30
201210823,7.82
201210847,6.95
201210870,5.07
201210897,4.96
201210900,7.00
201214713,7.00
201220297,0.00
201245563,7.30
201280026,5.40
201280027,7.84
201310522,6.03
201310541,4.32
201310551,7.25
201310562,8.00
201310564,7.55
201310568,6.88
201310571,6.90
201310594,7.89
201310612,7.73
201310613,5.42
201310621,7.59
201310648,7.89
201310654,6.13
201310657,8.00
201310667,8.00
201310669,7.54
201310670,7.89
201310676,6.94
201310688,7.73
201310697,7.52
201310699,7.83
201310700,7.79
201310703,7.84
201318169,7.68
201318215,7.20
201318218,6.03
201318376,7.73
201321724,8.00
201321729,8.06
201321740,6.88
201380007,7.25
201380027,6.13
201380041,6.13
