carnet,nota
9711549,10.25
200010198,7.54
200313754,4.39
200610921,7.02
200614626,9.36
200715610,11
200715618,9.44
200715722,9.67
200810431,6.15
200810498,10.55
200810517,11.53
200810574,6.68
200811338,10.7
200880028,9.59
200915864,9.48
201012065,10.28
201013417,7.24
201013572,7.83
201013689,10.35
201013765,10.83
201020026,8.59
201021737,8.44
201021787,8.45
201111964,8.79
201112081,9.19
201112149,8.74
201112184,10.19
201112248,7.86
201112270,9.13
201112350,9.48
201210553,11.02
201210562,8.74
201210642,8.68
201210645,8.86
201210673,9.77
201210674,11.77
201210682,12.54
201210691,10.29
201210705,9.89
201210732,9.53
201210766,9.88
201210823,7.28
201210847,8.38
201210870,8.72
201210897,6.88
201210900,10.36
201214713,12.36
201220297,5.27
201245563,7.04
201280026,10.77
201280027,9.34
201310522,9.7
201310541,6.38
201310551,10.09
201310562,10.38
201310564,9.48
201310568,8.15
201310571,7.4
201310594,10.79
201310612,8.3
201310613,9.19
201310621,9.61
201310648,11.02
201310654,4.96
201310657,9.5
201310667,8.02
201310669,10.1
201310670,11.3
201310676,9.19
201310688,8.01
201310697,9.91
201310699,10.04
201310700,13
201310703,10.13
201318169,8.39
201318215,10.43
201318218,11.41
201318376,9.9
201321724,11.37
201321729,10.51
201321740,7.67
201380007,11.88
201380027,9.56
201380041,9.45
