carnet;nota
8818125;11.80
200010198;2.60
200011847;5.20
200318850;3.32
200414065;6.10
200512358;3.80
200515232;6.23
200515350;0.00
200518107;7.40
200610616;7.65
200614400;3.69
200614626;5.10
200715463;4.83
200715500;5.50
200715765;5.01
200780043;12.00
200810495;6.41
200810590;5.37
200817309;2.35
200915854;7.38
200915895;6.37
200915988;4.65
200916143;7.40
200918192;7.55
200918196;5.35
200918257;7.55
200924182;7.15
201012302;7.35
201013353;6.79
201013442;5.30
201013475;5.15
201013477;5.90
201013479;5.82
201013609;8.60
201021738;7.16
201112041;7.23
201112094;6.20
201112131;6.75
201112136;4.70
201112170;7.15
201112200;6.75
201112233;5.40
201112274;7.45
201112278;4.00
201112291;5.90
201114635;7.96
201124099;3.80
201180038;6.02
201210538;7.24
201210557;2.90
201210563;10.10
201210565;6.78
201210602;8.80
201210646;6.55
201210650;9.14
201210674;6.67
201210675;4.78
201210681;7.15
201210695;8.38
201210702;9.60
201210706;5.65
201210709;6.26
201210710;9.18
201210715;9.48
201210718;5.23
201210739;7.31
201210742;8.30
201210754;9.05
201210756;6.90
201210773;9.05
201210778;6.44
201210783;8.25
201210794;5.90
201210834;7.42
201210882;9.50
201210905;7.92
201220328;8.10
201220335;9.05
201220354;7.68
201220425;10.30
201220445;6.20
201222437;7.98
201280028;6.75
