carnet;nota
8818125;11.83
200010198;5.70
200011847;10.80
200318850;6.20
200414065;11.78
200512358;8.40
200515232;7.40
200515350;0.00
200518107;10.20
200610616;10.63
200614400;6.55
200614626;9.55
200715463;8.43
200715500;9.60
200715765;5.50
200780043;12.83
200810495;8.70
200810590;6.60
200817309;5.25
200915854;11.90
200915895;8.50
200915988;8.13
200916143;7.58
200918192;8.75
200918196;11.93
200918257;10.90
200924182;9.75
201012302;12.95
201013353;9.05
201013442;10.03
201013475;9.40
201013477;9.05
201013479;7.00
201013609;10.58
201021738;9.93
201112041;10.95
201112094;9.28
201112131;12.15
201112136;7.13
201112170;9.25
201112200;11.30
201112233;10.98
201112274;8.90
201112278;7.73
201112291;10.70
201114635;10.40
201124099;9.43
201180038;7.10
201210538;7.33
201210557;10.18
201210563;11.20
201210565;12.25
201210602;11.95
201210646;10.50
201210650;12.05
201210674;6.28
201210675;8.78
201210681;12.70
201210695;13.75
201210702;11.90
201210706;6.18
201210709;11.00
201210710;12.25
201210715;14.15
201210718;8.53
201210739;10.70
201210742;12.10
201210754;14.25
201210756;6.60
201210773;15.00
201210778;9.05
201210783;12.45
201210794;10.70
201210834;9.45
201210882;11.98
201210905;12.48
201220328;11.70
201220335;9.63
201220354;8.15
201220425;12.78
201220445;9.73
201222437;10.53
201280028;8.33
