carnet;nota
8818125;9.58
200010198;8.16
200011847;9.95
200318850;11.41
200414065;9.19
200512358;8.21
200515232;11.92
200515350;0.00
200518107;8.57
200610616;11.78
200614400;6.36
200614626;8.36
200715463;10.31
200715500;11.58
200715765;8.38
200780043;9.11
200810495;10.03
200810590;9.58
200817309;9.55
200915854;10.95
200915895;8.88
200915988;9.18
200916143;9.23
200918192;8.24
200918196;10.78
200918257;10.17
200924182;8.57
201012302;11.05
201013353;11.45
201013442;7.97
201013475;9.68
201013477;5.86
201013479;7.61
201013609;11.11
201021738;9.47
201112041;8.73
201112094;7.90
201112131;10.85
201112136;9.60
201112170;8.51
201112200;7.85
201112233;7.38
201112274;9.75
201112278;9.50
201112291;8.76
201114635;9.78
201124099;6.78
201180038;8.27
201210538;7.01
201210557;8.76
201210563;10.19
201210565;9.21
201210602;10.37
201210646;7.31
201210650;10.64
201210674;8.97
201210675;8.50
201210681;10.85
201210695;10.76
201210702;9.22
201210706;8.90
201210709;9.47
201210710;10.22
201210715;9.95
201210718;7.25
201210739;9.38
201210742;12.20
201210754;11.73
201210756;9.53
201210773;10.28
201210778;9.68
201210783;9.88
201210794;7.62
201210834;9.95
201210882;10.75
201210905;10.73
201220328;8.47
201220335;9.03
201220354;9.42
201220425;12.23
201220445;8.52
201222437;10.12
201280028;7.90
