carnet;nota
8818125;6.79
200010198;7.03
200011847;8.94
200318850;7.63
200414065;7.53
200512358;6.88
200515232;7.63
200515350;0.00
200518107;6.10
200610616;7.63
200614400;6.88
200614626;7.03
200715463;8.27
200715500;8.39
200715765;8.22
200780043;7.30
200810495;6.88
200810590;6.98
200817309;7.20
200915854;8.32
200915895;8.22
200915988;7.20
200916143;7.20
200918192;8.22
200918196;8.54
200918257;8.89
200924182;6.15
201012302;6.15
201013353;6.39
201013442;9.16
201013475;7.30
201013477;8.39
201013479;8.39
201013609;7.25
201021738;8.32
201112041;6.79
201112094;8.44
201112131;9.25
201112136;6.10
201112170;7.20
201112200;6.15
201112233;8.44
201112274;7.20
201112278;8.44
201112291;9.30
201114635;7.40
201124099;6.15
201180038;6.15
201210538;8.84
201210557;9.25
201210563;9.25
201210565;9.20
201210602;6.34
201210646;7.25
201210650;7.30
201210674;9.21
201210675;9.16
201210681;9.30
201210695;7.30
201210702;6.79
201210706;6.39
201210709;6.34
201210710;6.39
201210715;6.84
201210718;6.34
201210739;9.35
201210742;6.34
201210754;8.94
201210756;6.84
201210773;8.94
201210778;8.89
201210783;9.21
201210794;9.16
201210834;6.88
201210882;7.30
201210905;6.79
201220328;9.21
201220335;7.38
201220354;7.35
201220425;8.94
201220445;4.98
201222437;6.79
201280028;9.11
