carnet,nota
200717835,57
200800378,0
200830845,35
200910790,47
200942698,46
201013474,42
201013480,53
201025011,53
201110186,45
201112052,42
201112330,44
201117060,46
201119229,51
201210405,46
201210625,38
201210711,47
201210748,45
201210764,52
201210858,43
201210909,46
201214921,55
201220325,45
201310538,52
201310569,52
201310602,39
201310629,54
201310640,42
201310644,44
201310674,54
201310691,47
201310706,45
201310709,45
201310710,43
201310715,53
201315397,59
201318161,51
201318166,49
201318180,53
201318183,50
201318186,43
201318227,49
201318267,46
201318304,43
201318322,43
201318467,52
201321726,48
201321733,53
201321741,51
201321745,47
201321746,47
201321747,48
201321804,44
201322103,49
201400364,50
201400366,46
201400373,58
201400383,51
201400384,58
201400385,57
201400389,56
201400397,43
201400427,28
201400435,57
201400438,43
201400440,45
201400441,51
201400449,53
201400458,52
201400463,48
201400468,51
201400470,61
201400497,58
201400499,44
201400508,57
201400523,54
201400528,47
201400535,55
201400537,60
201400541,50
201400552,62
201400557,48
201400562,53
201400580,54
201400584,56
201400606,56
201400634,52
201400651,53
201400654,54
201400661,53
201400673,46
201400680,51
201400683,54
201400685,50
201400691,52
201400708,57
201400756,53
201400785,56
201400788,56
201407914,40
201407927,40
201407943,44
201407955,57
201407959,52
201407970,54
201407984,55
201407988,48
201408038,53
201413001,47
201413715,54
,
