Carnet,TOTAL
201580037,53
201580036,45
201580020,46
201516923,51
201513561,47
201513551,49
201513487,54
201513483,35
201513468,24
201513418,44
201513411,51
201513338,48
201513331,49
201513315,48
201513286,44
201513276,48
201513275,52
201513248,48
201513247,44
201513228,52
201503339,51
201503324,47
201503294,47
201503293,43
201503267,44
201503265,51
201503263,48
201503250,48
201503236,47
201503209,36
201503184,44
201503146,52
201503099,43
201503098,51
201503095,47
201503080,47
201503078,56
201503073,47
201503051,53
201503044,54
201503043,46
201503041,46
201503040,47
201503033,55
201503007,53
201503005,52
201503001,48
201502993,52
201502990,51
201502979,47
201502976,48
201502954,50
201502936,48
201502934,49
201502931,49
201502927,54
201502915,47
201502908,47
201502907,49
201502891,55
201502887,45
201502884,50
201502882,49
201502878,47
201502877,54
201502869,51
201502862,50
201502842,53
201502840,55
201502826,51
201502824,51
201502816,48
201502807,45
201502802,54
201502800,47
201502799,50
201501353,46
201480044,50
201415512,43
201411974,48
201408248,46
201408184,47
201408087,43
201408066,46
201408058,47
201408040,51
201407992,47
201407980,46
201407942,48
201407941,49
201407923,47
201400715,49
201400600,48
201400525,45
201400485,39
201400460,44
201400459,43
201400434,43
201400427,46
201400370,47
201345055,48
201330970,48
201322312,45
201321802,43
201321749,43
201321738,53
201318304,50
201315049,46
201310645,47
201310529,49
201220324,46
201220014,45
201210074,46
200916276,42
200722421,47
199910871,50
201400700,47
200680047,49
