200110035,51
200210927,40
200313754,42
200512351,46
200512379,37
200610568,31
200715577,19
200715618,39
200715751,38
200715791,48
200717835,40
200810417,36
200811350,35
200817609,42
200910572,45
200916250,38
200918254,50
200980037,41
201013493,39
201013572,46
201013765,43
201021737,41
201021787,41
201112046,43
201112161,42
201112204,40
201112232,47
201112319,2
201119229,42
201124083,45
201210405,43
201210665,44
201210669,34
201210672,38
201210683,46
201210729,40
201220212,41
201220265,37
201220297,37
201220309,36
201310523,59
201310566,40
201310575,37
201310596,45
201310614,40
201310630,37
201310687,47
201310706,41
201318284,44
201318347,51
201318467,44
201321741,46
201322103,49
201400373,43
201400383,42
201400384,39
201400385,45
201400389,43
201400435,44
201400449,39
201400458,38
201400468,44
201400470,54
201400497,46
201400499,38
201400535,44
201400537,42
201400552,42
201400580,55
201400584,50
201400606,51
201400634,43
201400654,48
201400661,44
201400680,40
201400685,42
201400708,46
201400756,40
201400785,42
201400788,42
201407984,44
201407988,45
201408038,40
201413001,45
