200110035,12.71
200210927,7.82
200313754,8.98
200512351,10.83
200512379,4.11
200610568,4.21
200715577,4.11
200715618,9.92
200715751,9.49
200715791,13.74
200717835,5.58
200810417,3.63
200811350,9.71
200817609,10.01
200910572,8.76
200916250,6.04
200918254,11.96
200980037,5.91
201013493,6.71
201013572,10.86
201013765,8.07
201021737,9.96
201021787,9.89
201112046,8.59
201112161,9.38
201112204,8.04
201112232,8.24
201112319,0.00
201119229,8.94
201124083,10.11
201210405,9.42
201210665,11.22
201210669,4.61
201210672,4.26
201210683,9.22
201210729,8.49
201220212,10.93
201220265,8.68
201220297,8.33
201220309,4.80
201310523,15.00
201310566,6.30
201310575,8.32
201310596,10.63
201310614,9.18
201310630,5.51
201310687,10.68
201310706,8.58
201318284,8.59
201318347,11.49
201318467,9.22
201321741,7.87
201322103,12.46
201400373,7.89
201400383,9.04
201400384,7.96
201400385,10.32
201400389,8.15
201400435,7.92
201400449,5.79
201400458,6.15
201400468,10.63
201400470,10.25
201400497,9.45
201400499,7.22
201400535,8.59
201400537,10.96
201400552,8.38
201400580,14.98
201400584,13.03
201400606,12.46
201400634,11.39
201400654,8.00
201400661,9.53
201400680,5.85
201400685,8.51
201400708,9.09
201400756,8.25
201400785,10.64
201400788,8.71
201407984,5.46
201407988,8.81
201408038,7.49
201413001,8.27
