201210721;0
201211987;35
201318153;40
201318294;37
201318384;33
201321744;41
201321749;42
201325590;51
201400379;33
201400410;45
201400664;23
201400711;42
201400781;0
201404665;52
201407992;40
201408142;35
201413622;39
201413680;39
201415512;35
201431578;50
201502852;42
201502872;40
201503334;35
201503359;46
201512721;58
201513238;39
201513240;44
201513241;49
201513341;41
201513358;49
201513468;39
201515481;57
201516851;44
201603318;55
201603373;60
201603374;53
201603375;60
201603378;53
201603384;39
201603417;52
201603419;52
201603437;48
201603441;39
201603450;58
201603472;44
201603480;50
201603483;44
201603489;50
201603493;55
201603506;53
201603509;54
201603510;40
201603513;48
201603517;56
201603523;42
201603531;51
201603532;51
201603543;51
201603548;56
201603570;48
201603574;52
201603578;48
201603589;53
201603610;47
201603635;52
201603717;51
201603720;48
201603738;48
201603750;53
201603814;55
201610725;60
201610816;45
201610852;61
201610853;60
201610855;56
201610869;65
201610883;45
201610903;55
201610933;60
201610971;52
201611217;45
201611263;40
201616802;49
201616839;48
201616869;48
201616983;47
201616993;43
201680025;34
201680043;52
201680044;45
