,
201210779,40
201310551,52
201310624,49
201321740,53
201310639,45
201013776,51
200910572,50
201112192,52
200313601,0
201210617,51
201210665,43
201210772,52
201310648,60
201210672,49
201310673,57
201220265,56
201310700,61
201310630,56
201310670,59
201310562,59
201318284,48
201318347,56
201321724,61
201321729,57
201310676,57
201310567,57
201310575,48
201310629,0
201318169,49
201380027,45
201245563,56
201310564,60
201310688,50
201310669,56
201310599,0
201310594,58
201220212,53
201310596,57
201310703,53
201013758,41
200916076,53
200817684,36
201021759,46
201310526,54
201310566,54
201310667,58
201013765,59
201310523,61
201380041,53
201318218,49
201318211,55
201310522,51
201310654,52
201310687,50
201214713,53
200314980,53
201013474,43
201112322,56
201018707,54
201318470,48
201310657,50
201210740,48
201210912,51
201210680,52
201310614,53
201210552,52
201210758,58
201310612,55
201310697,60
201310699,57
201310682,55
201310613,49
201310541,49
201380007,60
201318215,59
201310568,54
201310571,56
201310621,43
201210823,55
201318376,55
201321734,56
201210553,57
200918238,46
