carné,nota
199910871,16
200680047,14
200722421,16
200916276,15
201117060,15
201210074,16
201210711,14
201210764,15
201210909,14
201220014,15
201220325,15
201220380,15
201503043,15
201310142,15
201310529,16
201310602,15
201310645,14
201310674,15
201310645,14
201310710,15
201315049,15
201318183,14
201318186,15
201318304,16
201318322,15
201321726,14
201321738,14
201321745,15
201321802,14
201321804,14
201322312,16
201330970,16
201345055,16
201400370,16
201400427,15
201400434,16
201400485,14
201400438,15
201400459,14
201400460,15
201400525,16
201400600,16
201400651,16
201400700,14
201400715,14
201407923,14
201407927,15
201407941,16
201407942,16
201407980,16
201408040,14
201408058,14
201408066,14
201408087,16
201408184,13
201408248,17
201411974,15
201480044,13
201502800,14
201502802,16
201502807,14
201502816,16
201502824,16
201502826,17
201502840,17
201502842,16
201502862,15
201502869,15
201502877,15
201502878,15
201502882,15
201502884,13
201502891,16
201502907,15
201502908,15
201502915,15
201502927,16
201502931,15
201502934,16
201502936,16
201502954,16
201502976,13
201502979,15
201502990,16
201502993,15
201503001,16
201503005,15
201503007,15
201503033,15
201503040,15
201503041,15
201503043,15
201503044,16
201503051,15
201503073,15
201503078,16
201503080,15
201503095,15
201503098,13
201503099,15
201503146,17
201503184,14
201503209,14
201503236,17
201503250,17
201503263,15
201503265,15
201503267,15
201503293,15
201503294,14
201503324,13
201503339,14
201513228,15
201513247,14
201513248,15
201513275,14
201513276,13
201513286,13
201513315,14
201513331,15
201513338,16
201513411,14
201513487,17
201513551,14
201513561,15
201516923,15
201580020,15
201580036,16
201580037,15
