carné,nota
199910871,10
200680047,13
200722421,11
200916276,6
201117060,6
201210074,9
201210711,6
201210764,10
201210909,8
201220014,7
201220325,9
201220380,10
201503043,10
201310142,8
201310529,10
201310602,7
201310645,7
201310674,12
201310645,7
201310710,8
201315049,10
201318183,8
201318186,5
201318304,9
201318322,6
201321726,4
201321738,12
201321745,7
201321802,6
201321804,6
201322312,3
201330970,8
201345055,9
201400370,8
201400427,8
201400434,3
201400485,9
201400438,10
201400459,7
201400460,1
201400525,7
201400600,3
201400651,7
201400700,6
201400715,7
201407923,5
201407927,8
201407941,6
201407942,5
201407980,9
201408040,9
201408058,9
201408066,7
201408087,9
201408184,6
201408248,3
201411974,12
201480044,6
201502800,9
201502802,7
201502807,12
201502816,6
201502824,10
201502826,6
201502840,10
201502842,10
201502862,12
201502869,11
201502877,9
201502878,10
201502882,11
201502884,9
201502891,10
201502907,7
201502908,10
201502915,6
201502927,8
201502931,9
201502934,8
201502936,5
201502954,8
201502976,6
201502979,9
201502990,12
201502993,12
201503001,4
201503005,12
201503007,10
201503033,11
201503040,6
201503041,11
201503043,10
201503044,10
201503051,8
201503073,10
201503078,9
201503080,11
201503095,9
201503098,7
201503099,8
201503146,8
201503184,8
201503209,3
201503236,7
201503250,6
201503263,12
201503265,11
201503267,5
201503293,3
201503294,10
201503324,9
201503339,7
201513228,9
201513247,10
201513248,12
201513275,10
201513276,6
201513286,4
201513315,9
201513331,5
201513338,9
201513411,7
201513487,10
201513551,11
201513561,8
201516923,12
201580020,11
201580036,8
201580037,11
