200717835,10
200910790,9
200915932,9
200942698,8
201013480,7
201013517,9
201013758,8
201110186,8
201112052,8
201112330,9
201119229,10
201210405,9
201210540,8
201210639,9
201210670,9
201210764,8
201210858,8
201210909,9
201214921,11
201310538,11
201310569,8
201310599,10
201310629,9
201316640,8
201310644,10
201310691,10
201310706,10
201310709,8
201310715,11
201315397,9
201318161,9
201318166,9
201318180,10
201318281,9
201318322,9
201318467,10
201321733,8
201321741,10
201321746,12
201321747,11
201321804,10
201322103,9
201400364,11
201400366,11
201400373,11
201400383,9
201400384,9
201400385,11
201400389,11
201400397,9
201400435,12
201400440,7
201400411,8
201400449,12
201400458,10
201400463,8
201400468,11
201400470,10
201400497,9
201400499,11
201400508,9
201400523,8
201400528,11
201400535,10
201400537,8
201400541,10
201400552,8
201400557,10
201400562,9
201400580,9
201400584,8
201400606,11
201400634,9
201400651,10
201400654,11
201400661,11
201400673,8
201400680,9
201400683,8
201400685,10
201400691,11
201400708,9
201400756,9
201400785,11
201400788,10
201407914,10
201407943,9
201407955,11
201407959,9
201407970,9
201407984,8
201407988,8
201408038,7
201413001,8
201413715,10
