200717835,15
200910790,15
200915932,15
200942698,15
201013480,15
201013517,15
201013758,15
201110186,16
201112052,15
201112330,15
201119229,15
201210405,10
201210540,15
201210639,15
201210670,15
201210764,15
201210858,15
201210909,15
201214921,15
201310538,10
201310569,15
201310599,15
201310629,15
201316640,15
201310644,15
201310691,10
201310706,10
201310709,15
201310715,15
201315397,15
201318161,15
201318166,15
201318180,16
201318281,15
201318322,10
201318467,16
201321733,15
201321741,15
201321746,15
201321747,14
201321804,10
201322103,15
201400364,10
201400366,10
201400373,15
201400383,15
201400384,16
201400385,15
201400389,16
201400397,10
201400435,15
201400440,10
201400411,16
201400449,15
201400458,15
201400463,15
201400468,16
201400470,15
201400497,15
201400499,15
201400508,16
201400523,15
201400528,10
201400535,15
201400537,15
201400541,15
201400552,15
201400557,15
201400562,15
201400580,15
201400584,15
201400606,15
201400634,14
201400651,10
201400654,15
201400661,15
201400673,15
201400680,16
201400683,16
201400685,15
201400691,15
201400708,15
201400756,15
201400785,16
201400788,16
201407914,16
201407943,15
201407955,15
201407959,15
201407970,15
201407984,15
201407988,14
201408038,15
201413001,15
201413715,15
