199910871,11
200680047,12
200722421,10
200916276,8
201117060,8
201210074,11
201210711,7
201210764,8
201210909,8
201220014,8
201220325,10
201220380,8
201503043,9
201310142,9
201310529,11
201310602,8
201310645,10
201310674,10
201310645,10
201310710,11
201315049,10
201318183,8
201318186,8
201318304,9
201318322,11
201321726,10
201321738,11
201321745,11
201321802,10
201321804,9
201322312,7
201330970,10
201345055,9
201400370,9
201400427,10
201400434,10
201400485,9
201400438,9
201400459,10
201400460,8
201400525,9
201400600,9
201400651,9
201400700,8
201400715,10
201407923,6
201407927,11
201407941,8
201407942,12
201407980,10
201408040,8
201408058,9
201408066,8
201408087,10
201408184,11
201408248,11
201411974,10
201480044,10
201502800,9
201502802,10
201502807,9
201502816,11
201502824,10
201502826,11
201502840,12
201502842,11
201502862,10
201502869,12
201502877,12
201502878,10
201502882,11
201502884,11
201502891,11
201502907,11
201502908,10
201502915,9
201502927,12
201502931,11
201502934,8
201502936,11
201502954,11
201502976,11
201502979,9
201502990,11
201502993,9
201503001,9
201503005,11
201503007,13
201503033,13
201503040,12
201503041,11
201503043,9
201503044,10
201503051,10
201503073,10
201503078,10
201503080,11
201503095,9
201503098,10
201503099,9
201503146,11
201503184,10
201503209,8
201503236,9
201503250,10
201503263,9
201503265,8
201503267,8
201503293,8
201503294,9
201503324,10
201503339,10
201513228,11
201513247,8
201513248,10
201513275,8
201513276,10
201513286,10
201513315,10
201513331,10
201513338,9
201513411,10
201513487,10
201513551,11
201513561,9
201516923,9
201580020,12
201580036,9
201580037,13
