200717835,8
200910790,8
200915932,7
200942698,7
201013480,11
201013517,7
201013758,6
201110186,7
201112052,7
201112330,7
201119229,8
201210405,8
201210540,4
201210639,6
201210670,7
201210764,10
201210858,7
201210909,6
201214921,11
201310538,8
201310569,8
201310599,7
201310629,8
201316640,7
201310644,7
201310691,6
201310706,8
201310709,6
201310715,8
201315397,8
201318161,6
201318166,8
201318180,5
201318281,7
201318322,4
201318467,8
201321733,7
201321741,8
201321746,10
201321747,11
201321804,8
201322103,9
201400364,10
201400366,11
201400373,11
201400383,11
201400384,8
201400385,8
201400389,8
201400397,11
201400435,7
201400440,7
201400411,8
201400449,8
201400458,10
201400463,8
201400468,11
201400470,8
201400497,11
201400499,10
201400508,6
201400523,9
201400528,11
201400535,9
201400537,12
201400541,8
201400552,9
201400557,6
201400562,8
201400580,13
201400584,9
201400606,9
201400634,12
201400651,0
201400654,11
201400661,8
201400673,7
201400680,11
201400683,6
201400685,8
201400691,8
201400708,8
201400756,9
201400785,8
201400788,8
201407914,6
201407943,10
201407955,12
201407959,8
201407970,10
201407984,12
201407988,9
201408038,8
201413001,13
201413715,8
