carnet,nota
200012058,10.78
200915965,14.18
201210074,9.16
201220014,12.12
201220324,11.4
201310142,13.62
201318210,8.44
201318290,10.14
201318384,10.54
201321738,10.66
201322543,8.06
201330970,10.94
201400370,15.08
201400485,10.66
201400524,11.38
201400601,13.3
201400631,8.18
201400664,10.5
201400700,8.42
201400715,12.94
201407923,8.96
201407929,8.82
201407942,9.94
201407962,12.78
201408075,10
201408142,14.56
201408184,10.06
201411974,11.36
201413604,12.98
201413622,7.5
201415299,9.98
201415512,13.9
201480044,12.38
201501353,8.72
201502802,13.24
201502816,13.92
201502826,12.7
201502840,10.3
201502842,13.88
201502852,12.26
201502862,10.46
201502872,15.34
201502878,8.96
201502882,7.44
201502884,9.54
201502895,11.7
201502908,8.94
201502934,12.04
201502936,11.14
201502954,11.92
201502975,10.78
201502979,11.32
201502990,9.26
201503008,6.68
201503044,13.2
201503051,14.58
201503072,9.66
201503078,11.28
201503098,12.24
201503120,14.98
201503184,13.6
201503209,11.6
201503236,12.82
201503250,12.96
201503294,9.96
201503324,8.36
201513275,9.56
201513276,9.18
201513331,11.58
201513341,10.14
201513411,12.7
201513468,12.08
201513483,8.94
201513551,11.94
201513561,11.92
201516851,9.8
201516923,10.28
201580036,9.12
201580037,7.04
201211987,8.54
201310625,11.92
201315049,10.5
201318155,10.34
201318182,13.74
201318294,10.84
201318494,10.26
201318553,8.52
201321744,13.38
201321749,10.7
201321754,10.64
201345055,11.96
201400379,10.42
201400525,8.68
201400549,10.72
201400553,11.78
201400600,8.52
201400604,11.12
201400686,9.4
201400711,10.6
201400759,4.96
201400781,10.98
201407941,9.5
201407992,11.36
201408203,7.72
201413639,11.62
201502800,8.8
201502807,11.04
201502813,11.74
201502831,8.96
201502877,13.68
201502887,12.6
201502891,11.42
201502915,11.88
201502927,10.04
201502931,10.7
201502993,7.9
201503001,8.74
201503007,9.9
201503033,13.8
201503040,10.12
201503041,12.44
201503073,10.76
201503095,10.8
201503251,12.52
201503263,10.34
201503265,9
201503267,9.84
201503293,9.92
201503339,13.14
201513228,10.62
201513240,11.38
201513241,10.34
201513247,12.82
201513248,11.68
201513286,11.82
201513315,10.64
201513338,12.88
201513376,11.02
201516986,7.04
201580020,9.62
