carnet,nota
200722421,52
200915965,38
201210074,56
201211987,31
201220014,55
201220324,48
201310142,70
201310625,41
201310647,5
201315049,57
201318155,17
201318182,24
201318210,1
201318290,41
201318294,39
201318384,28
201318494,43
201321738,41
201321744,33
201321749,46
201321754,33
201322543,27
201330970,59
201345055,35
201400370,52
201400379,44
201400485,47
201400524,43
201400525,48
201400549,37
201400553,41
201400600,47
201400601,33
201400604,48
201400631,52
201400664,28
201400700,50
201400711,34
201400715,46
201400759,63
201400781,31
201407923,41
201407929,38
201407941,35
201407942,61
201407962,44
201407992,44
201408142,20
201408184,50
201408203,15
201411974,60
201413604,44
201413622,35
201413639,38
201415299,26
201415512,30
201480044,44
201501353,49
201502800,35
201502802,54
201502807,49
201502813,47
201502816,52
201502826,44
201502831,58
201502840,57
201502842,48
201502852,46
201502862,62
201502872,56
201502877,67
201502878,51
201502882,52
201502884,50
201502887,46
201502891,62
201502895,45
201502908,62
201502915,50
201502927,56
201502931,57
201502934,54
201502936,62
201502954,56
201502975,44
201502979,64
201502990,55
201502993,69
201503001,60
201503007,61
201503008,70
201503033,58
201503040,55
201503041,67
201503044,65
201503051,65
201503072,36
201503073,50
201503078,60
201503080,56
201503095,55
201503098,67
201503120,59
201503184,48
201503209,41
201503236,67
201503250,45
201503251,32
201503263,51
201503265,46
201503267,46
201503293,43
201503294,65
201503324,41
201503339,44
201513228,53
201513240,35
201513241,23
201513247,50
201513248,41
201513275,49
201513276,47
201513286,51
201513315,57
201513331,59
201513338,58
201513341,39
201513376,29
201513411,52
201513468,44
201513483,44
201513551,63
201513561,62
201516851,43
201516923,57
201516986,43
201580020,52
201580036,54
201580037,62
