carnet,nota
200012058,3.39
200915965,2.57
201210074,12.00
201220014,4.07
201220324,0.00
201310142,0.43
201318210,4.29
201318290,6.00
201318384,0.00
201321738,12.86
201322543,1.71
201330970,4.50
201400370,2.79
201400485,5.79
201400524,5.14
201400601,2.57
201400631,8.57
201400664,6.00
201400700,4.71
201400715,10.50
201407923,9.43
201407929,7.07
201407942,8.01
201407962,3.64
201408075,4.29
201408142,4.50
201408184,3.86
201411974,13.63
201413604,10.50
201413622,9.21
201415299,1.71
201415512,6.86
201480044,3.86
201501353,10.93
201502802,11.57
201502816,9.86
201502826,7.71
201502840,11.57
201502842,9.64
201502852,7.29
201502862,4.50
201502872,5.57
201502878,6.43
201502882,2.36
201502884,13.29
201502895,4.71
201502908,9.00
201502934,8.57
201502936,3.86
201502954,6.86
201502975,6.43
201502979,9.43
201502990,4.71
201503008,6.86
201503044,5.36
201503051,7.29
201503072,9.86
201503078,6.00
201503098,6.00
201503120,8.36
201503184,9.51
201503209,4.29
201503236,2.57
201503250,11.14
201503294,6.00
201503324,6.00
201513275,1.71
201513276,11.57
201513331,7.29
201513341,4.29
201513411,4.50
201513468,9.86
201513483,8.01
201513551,13.29
201513561,6.86
201516851,12.00
201516923,8.57
201580036,9.43
201580037,0.00
201211987,6.86
201310625,7.50
201315049,4.29
201318155,13.29
201318182,8.14
201318294,12.43
201318494,12.00
201318553,2.14
201321744,12.86
201321749,4.71
201321754,6.00
201345055,0.00
201400379,0.00
201400525,2.57
201400549,9.86
201400553,7.71
201400600,2.57
201400604,12.00
201400686,4.29
201400711,6.00
201400759,5.57
201400781,5.14
201407941,13.93
201407992,13.29
201408203,7.71
201413639,0.86
201502800,2.14
201502807,8.57
201502813,8.14
201502831,10.71
201502877,9.86
201502887,11.14
201502891,14.57
201502915,4.50
201502927,0.00
201502931,12.64
201502993,7.50
201503001,8.14
201503007,7.07
201503033,0.00
201503040,6.86
201503041,15.00
201503073,11.79
201503095,11.14
201503251,11.14
201503263,11.23
201503265,0.00
201503267,5.14
201503293,12.21
201503339,3.64
201513228,0.43
201513240,9.64
201513241,10.71
201513247,14.14
201513248,3.00
201513286,9.00
201513315,0.00
201513338,0.00
201513376,8.79
201516986,10.71
201580020,0.00
