Crnet,nota
200012058,1.07
200915965,2.44
201210074,0.75
201220014,1.86
201220324,0.17
201310142,0.41
201318210,1.08
201318290,1.51
201318384,0.32
201321738,1.90
201322543,1.29
201330970,1.05
201400370,1.84
201400485,0.73
201400524,5.00
201400601,1.72
201400631,1.28
201400664,1.33
201400700,1.38
201400715,1.44
201407923,1.13
201407929,1.04
201407942,0.15
201407962,1.61
201408075,1.26
201408142,1.20
201408184,1.18
201411974,1.61
201413604,2.17
201413622,1.30
201415299,1.32
201415512,1.06
201480044,1.87
201501353,1.47
201502802,1.87
201502816,2.29
201502826,1.89
201502840,1.58
201502842,1.31
201502852,1.59
201502862,1.70
201502872,1.94
201502878,1.46
201502882,1.07
201502884,1.35
201502895,1.89
201502908,0.93
201502934,1.67
201502936,1.56
201502954,1.14
201502975,1.27
201502979,2.00
201502990,0.56
201503008,0.63
201503044,1.73
201503051,1.42
201503072,1.03
201503078,0.34
201503098,2.14
201503120,2.62
201503184,1.41
201503209,1.54
201503236,1.07
201503250,2.31
201503294,1.70
201503324,1.01
201513275,1.35
201513276,1.30
201513331,1.69
201513341,1.85
201513411,1.95
201513468,1.77
201513483,1.13
201513551,1.31
201513561,1.76
201516851,1.07
201516923,1.61
201580036,1.67
201580037,0.43
201211987,1.12
201310625,1.93
201315049,1.76
201318155,1.35
201318182,2.45
201318294,1.98
201318494,1.81
201318553,1.41
201321744,1.69
201321749,1.50
201321754,1.61
201345055,0.36
201400379,0.63
201400525,1.53
201400549,1.89
201400553,1.96
201400600,1.33
201400604,1.15
201400686,1.00
201400711,1.16
201400759,0.76
201400781,1.66
201407941,1.20
201407992,2.02
201408203,1.25
201413639,1.24
201502800,1.61
201502807,1.21
201502813,1.90
201502831,1.64
201502877,2.06
201502887,2.01
201502891,2.09
201502915,1.94
201502927,0.61
201502931,1.86
201502993,1.12
201503001,1.10
201503007,1.33
201503033,0.84
201503040,1.64
201503041,2.27
201503073,1.56
201503095,1.74
201503251,1.81
201503263,1.50
201503265,0.41
201503267,1.38
201503293,1.72
201503339,1.24
201513228,1.94
201513240,1.82
201513241,1.75
201513247,2.05
201513248,1.55
201513286,1.58
201513315,0.32
201513338,0.69
201513376,1.54
201516986,1.08
201580020,1.48
