Carnet,NOTA
200916276,4.50
201210074,8.00
201210625,6.00
201210711,6.00
201220014,8.00
201220324,4.25
201220325,11.30
201310142,13.25
201310529,9.75
201310645,8.25
201310674,8.25
201315049,11.50
201318153,3.25
201318183,9.25
201318186,5.25
201321726,7.50
201321738,9.75
201321749,6.00
201321802,6.50
201321804,9.00
201322312,10.30
201330970,11.75
201345055,3.75
201400370,7.00
201400410,9.50
201400427,8.25
201400434,10.50
201400459,9.50
201400460,5.00
201400485,11.00
201400525,9.00
201400553,4.50
201400600,6.25
201400700,7.25
201400715,8.41
201407923,9.10
201407941,12.92
201407942,10.75
201407980,6.25
201407992,9.50
201408040,6.00
201408058,5.75
201408066,6.00
201408087,7.00
201408184,8.00
201408248,5.00
201411974,9.75
201415512,11.25
201480044,8.50
201501353,9.25
201502799,12.00
201502800,7.50
201502802,10.00
201502807,6.75
201502816,9.85
201502824,10.00
201502826,9.75
201502840,10.25
201502842,7.25
201502862,11.00
201502869,10.75
201502877,10.00
201502878,5.00
201502882,10.25
201502884,9.25
201502887,6.25
201502891,6.59
201502907,11.00
201502908,10.50
201502915,8.00
201502927,10.41
201502931,9.00
201502934,8.00
201502936,8.50
201502954,11.25
201502976,12.85
201502979,8.75
201502990,6.50
201502993,8.00
201503001,6.75
201503005,12.25
201503007,7.50
201503033,10.75
201503040,6.75
201503041,11.50
201503043,10.00
201503044,10.00
201503051,12.75
201503073,10.25
201503078,9.00
201503080,11.00
201503095,10.50
201503098,7.00
201503099,11.75
201503146,8.75
201503184,4.25
201503209,7.00
201503236,10.25
201503250,5.50
201503263,10.00
201503265,12.00
201503267,5.75
201503293,10.00
201503294,5.25
201503324,7.80
201503339,5.50
201513228,9.75
201513247,8.50
201513248,10.25
201513275,7.50
201513276,5.50
201513286,10.00
201513315,6.50
201513331,9.25
201513338,7.50
201513411,6.00
201513418,6.00
201513468,5.50
201513483,5.75
201513487,9.50
201513551,13.00
201513561,8.50
201516923,11.41
201580020,8.75
201580036,8.50
201580037,12.75
