CARNET;NOTA
201210721;6
201211987;2
201318153;4
201318294;4
201318384;4
201321744;7
201325590;12
201400379;4
201400410;6
201400664;4
201400711;6
201400781;1
201404665;7
201408142;2
201413622;2
201413680;5
201415512;5
201431578;7
201502852;11
201502872;6
201503334;2
201503359;10
201512721;14
201513238;3
201513240;8
201513241;9
201513341;7
201513358;10
201513468;5
201515481;8
201516851;4
201603318;8
201603373;9
201603374;6
201603375;13
201603378;10
201603384;10
201603417;2
201603419;10
201603437;11
201603441;8
201603450;9
201603472;9
201603480;8
201603483;7
201603489;8
201603493;10
201603506;2
201603509;5
201603510;10
201603513;7
201603517;10
201603523;4
201603531;14
201603532;11
201603543;8
201603548;13
201603570;9
201603574;15
201603578;11
201603589;9
201603610;8
201603635;6
201603717;6
201603720;6
201603738;8
201603750;11
201603814;10
201610725;7
201610816;2
201610852;15
201610853;12
201610855;10
201610869;13
201610883;4
201610903;7
201610933;10
201610971;8
201611217;9
201611263;10
201616802;6
201616839;7
201616869;7
201616983;6
201616993;1
201680025;4
201680043;12
201680044;5
