Carnet;Nota
201210721;10
201211987;10
201318153;8
201318294;8
201318384;2
201321744;9
201325590;10
201400379;4
201400410;8
201400664;6
201400711;8
201400781;10
201404665;12
201408142;10
201413622;3
201413680;2
201415512;9
201431578;12
201502852;8
201502872;4
201503334;9
201503359;12
201512721;10
201513238;10
201513240;8
201513241;10
201513341;9
201513358;14
201513468;9
201515481;10
201516851;12
201603318;14
201603373;11
201603374;10
201603375;9
201603378;14
201603384;7
201603417;11
201603419;8
201603437;11
201603441;10
201603450;13
201603472;7
201603480;12
201603483;12
201603489;11
201603493;15
201603506;10
201603509;11
201603510;5
201603513;12
201603517;10
201603523;10
201603531;13
201603532;10
201603543;8
201603548;13
201603570;13
201603574;13
201603578;10
201603589;10
201603610;8
201603635;9
201603717;12
201603720;9
201603738;12
201603750;14
201603814;10
201610725;10
201610816;14
201610852;15
201610853;8
201610855;13
201610869;13
201610883;10
201610903;5
201610933;9
201610971;12
201611217;10
201611263;8
201616802;10
201616839;8
201616869;10
201616983;10
201616993;9
201680025;6
201680043;9
201680044;8
