Carnet,zona
200722421,28.40
200916276,32.80
201210074,33.90
201210625,27.50
201210711,27.23
201220014,34.40
201220324,33.97
201220325,32.90
201310142,35.60
201310529,24.15
201310645,27.90
201310674,33.15
201315049,33.20
201318153,28.10
201318183,32.05
201318186,31.90
201321726,30.90
201321738,30.00
201321749,26.60
201321802,29.15
201321804,25.71
201322312,31.90
201330970,33.90
201345055,34.20
201400370,35.15
201400410,23.25
201400427,31.25
201400434,35.80
201400459,32.30
201400460,33.50
201400485,31.80
201400525,31.55
201400553,31.60
201400600,35.80
201400700,28.60
201400715,32.70
201407923,32.95
201407941,31.87
201407942,33.55
201407980,32.40
201407992,31.30
201408040,32.00
201408058,31.90
201408066,33.00
201408087,31.90
201408184,31.70
201408248,33.40
201411974,35.90
201415512,19.81
201480044,31.75
201501353,30.20
201502799,35.20
201502800,32.65
201502802,35.20
201502807,33.25
201502816,33.13
201502824,35.40
201502826,31.47
201502840,33.80
201502842,35.37
201502862,33.10
201502869,34.50
201502877,34.25
201502878,34.00
201502882,33.60
201502884,33.22
201502887,32.40
201502891,33.27
201502907,33.00
201502908,31.95
201502915,31.25
201502927,30.10
201502931,26.65
201502934,30.95
201502936,32.60
201502954,33.65
201502976,29.75
201502979,31.70
201502990,32.85
201502993,32.55
201503001,31.00
201503005,31.75
201503007,32.75
201503033,35.70
201503040,33.90
201503041,35.30
201503043,32.72
201503044,34.20
201503051,31.00
201503073,33.57
201503078,33.50
201503080,29.25
201503095,29.40
201503098,30.85
201503099,33.32
201503146,33.40
201503184,32.30
201503209,29.50
201503236,31.23
201503250,31.37
201503263,32.32
201503265,33.32
201503267,27.25
201503293,31.57
201503294,32.00
201503324,30.08
201503339,33.85
201513228,35.40
201513247,32.40
201513248,32.70
201513275,35.70
201513276,32.55
201513286,32.65
201513315,33.05
201513331,33.63
201513338,33.20
201513411,33.90
201513418,33.30
201513468,29.40
201513483,31.05
201513487,32.60
201513551,34.20
201513561,33.80
201516923,31.05
201580020,34.10
201580036,33.07
201580037,33.00
