No. Carn‚,ZONA (70)
200515425,8
200910790,34
200915940,42
200918238,50
200942698,51
201013480,42
201013758,46
201025011,43
201110186,58
201112045,40
201112052,46
201112176,31
201112330,45
201117060,46
201119229,53
201210405,50
201210540,47
201210625,35
201210639,44
201210670,49
201210711,32
201210721,42
201210748,41
201210764,45
201210858,47
201210909,45
201214921,55
201220325,36
201220380,49
201310529,38
201310538,46
201310569,48
201310602,45
201310640,42
201310644,43
201310674,38
201310691,40
201310706,52
201310709,40
201310710,38
201310715,46
201315397,48
201318161,44
201318166,51
201318180,47
201318183,38
201318186,35
201318227,51
201318267,41
201318281,50
201318304,48
201318322,53
201318467,53
201321726,35
201321733,47
201321741,44
201321745,45
201321746,45
201321747,48
201321775,43
201321804,36
201322103,45
201400364,53
201400366,43
201400373,47
201400383,42
201400384,54
201400385,57
201400389,50
201400397,50
201400427,40
201400435,50
201400438,44
201400440,36
201400441,48
201400449,50
201400458,51
201400463,47
201400468,55
201400470,58
201400497,51
201400499,52
201400508,54
201400523,44
201400528,47
201400535,61
201400537,54
201400541,47
201400552,48
201400557,50
201400562,48
201400580,56
201400584,55
201400606,49
201400634,46
201400651,44
201400654,52
201400661,55
201400673,44
201400680,44
201400683,45
201400685,52
201400691,44
201400708,53
201400756,55
201400785,49
201400788,54
201407959,45
201407914,46
201407927,46
201407938,47
201407943,60
201407955,46
201407970,56
201407984,48
201407988,45
201408038,51
201413001,46
201413715,55
,
,
,
,
,
,
,
,
,
,
,
,
,
,
,
,
,
,
,
,
,
,
,
,
,
,
,
,
,
,
,
