Carnet,NOTA
200722421,8.85
200916276,8.15
200918241,0
201210074,10.8
201210625,4.8
201210711,10.5
201220014,10.5
201220324,6.9
201220325,8.4
201310142,14.1
201310529,12.15
201310645,11.7
201310674,11.85
201315049,12.45
201318153,3.5
201318183,10.5
201318186,13.2
201321726,10.8
201321738,9.6
201321749,5.1
201321802,6.75
201321804,10.2
201322312,10.5
201330970,11.1
201345055,9.15
201400370,7.35
201400410,5.3
201400427,5.85
201400434,9.5
201400459,9.15
201400460,9.9
201400485,9.3
201400525,6.15
201400553,5.7
201400600,13.35
201400700,4.5
201400715,6.5
201407923,6.45
201407941,4.05
201407942,12.15
201407980,7.8
201407992,9.6
201408040,11.25
201408058,10.8
201408066,10.95
201408087,6.15
201408184,11.05
201408248,11.25
201411974,13.95
201415512,1.8
201480044,3.3
201501353,7.95
201502799,13.6
201502800,8.55
201502802,13.5
201502807,14.25
201502816,9
201502824,13.05
201502826,12.3
201502840,14.55
201502842,12.6
201502862,9.45
201502869,13.95
201502877,11.25
201502878,10.05
201502882,10.95
201502884,5.85
201502887,5.4
201502891,8.55
201502907,10.2
201502908,12.5
201502915,9.9
201502927,9.3
201502931,12.15
201502934,7.05
201502936,11.25
201502954,12.75
201502976,12.6
201502979,12
201502990,12.75
201502993,9.15
201503001,13.35
201503005,12.9
201503007,9.6
201503033,13.95
201503040,7.5
201503041,14.1
201503043,7.8
201503044,12.15
201503051,13.2
201503073,6.9
201503078,11.55
201503080,5.7
201503095,7.5
201503098,9.45
201503099,8.25
201503146,12.75
201503184,10.95
201503209,11.7
201503236,9.9
201503250,8.1
201503263,7.95
201503265,9.3
201503267,5.25
201503293,7.65
201503294,13.5
201503324,8.7
201503339,7.74
201513228,8.25
201513247,5.85
201513248,13.2
201513275,9.45
201513276,10.35
201513286,9.15
201513315,6.9
201513331,7.2
201513338,12.7
201513411,8.7
201513418,10.05
201513468,8.25
201513483,5.25
201513487,12.75
201513551,14.25
201513561,10.05
201516923,13.65
201580020,13.8
201580036,12.04
201580037,11.7
