Carnet;Nota
201210721;28.45
201211987;23.66
201318153;27.16
201318294;29.65
201318384;16.86
201321744;28.1
201325590;29.5
201400379;30.48
201400410;21.74
201400664;19.26
201400711;29.71
201400781;22.66
201404665;31.2
201408142;29
201413622;25.9
201413680;31.2
201415512;23.39
201431578;31.32
201502852;32.2
201502872;29.64
201503334;27.85
201503359;29.35
201512721;30.21
201513238;32.3
201513240;31.58
201513241;32.08
201513341;31.06
201513358;34.75
201513468;28.85
201515481;32.85
201516851;29.79
201603318;34.56
201603373;31.48
201603374;33.96
201603375;32.85
201603378;31.6
201603384;24.1
201603417;29.2
201603419;28.9
201603437;33.95
201603441;24.71
201603450;32.05
201603472;29.15
201603480;28.33
201603483;32.12
201603489;29.5
201603493;31.5
201603506;33.51
201603509;31.99
201603510;29.2
201603513;29.08
201603517;31.39
201603523;28.65
201603531;31.92
201603532;29.43
201603543;29.45
201603548;30.6
201603570;30.65
201603574;30.65
201603578;23.65
201603589;31.05
201603610;28.23
201603635;28.29
201603717;28.7
201603720;29.71
201603738;28.53
201603750;29.63
201603814;31.83
201610725;30.98
201610816;26.8
201610852;33.69
201610853;32
201610855;31.66
201610869;33.63
201610883;30.51
201610903;27.8
201610933;33.64
201610971;33.21
201611217;29.4
201611263;28.89
201616802;28.53
201616839;31.66
201616869;23.15
201616983;25.81
201616993;26.35
201680025;17.28
201680043;27.03
201680044;24.4
