200680047,9
200717835,12.15
200830845,0
200910790,9.45
200915940,3
200918238,6.3
200918354,8.85
200942698,11.55
201013409,9.3
201013480,0
201013758,7.95
201025011,9.3
201110186,9.75
201112052,3.75
201112330,8.25
201117060,8.7
201119229,9.3
201210405,13.95
201210540,4.5
201210639,4.8
201210670,9.3
201210748,9
201210758,4.05
201210764,6
201210858,9.6
201210909,7.05
201214921,13.5
201220380,10.5
201310538,7.05
201310569,10.95
201310602,1.5
201310629,9.45
201310640,10.95
201310644,7.65
201310691,3.3
201310706,11.7
201310709,8.25
201310710,9.75
201310715,5.7
201315397,10.8
201318161,6
201318166,6.75
201318180,6
201318227,4.95
201318267,9
201318281,9.75
201318304,4.2
201318322,6
201318467,10.05
201321733,11.4
201321741,12.45
201321745,8.25
201321746,6
201321747,9.75
201322103,11.25
201400364,12.45
201400366,8.25
201400373,13.05
201400383,8.1
201400384,11.7
201400385,12.45
201400389,10.8
201400397,10.8
201400435,7.5
201400438,4.95
201400440,4.2
201400441,9.75
201400449,13.05
201400458,10.65
201400463,5.7
201400468,10.65
201400470,13.05
201400497,13.95
201400499,9.3
201400508,10.8
201400523,8.25
201400528,6.3
201400535,10.5
201400537,9
201400541,9.6
201400552,11.85
201400557,12.45
201400562,9.75
201400580,13.95
201400584,11.25
201400606,10.2
201400634,13.2
201400651,10.05
201400654,11.55
201400661,9.45
201400673,7.95
201400680,11.55
201400683,8.7
201400685,11.25
201400691,11.55
201400708,12.9
201400756,11.55
201400785,13.95
201400788,7.95
201407914,7.2
201407927,10.65
201407943,9
201407955,13.05
201407959,9.75
201407970,10.2
201407984,9.75
201407988,9.15
201408038,10.5
201413001,10.05
201413715,9.3
