200680047,4
200717835,3.58
200830845,0.00
200910790,2.75
200915940,1.78
200918238,2.50
200918354,1.10
200942698,3.40
201013409,0.55
201013480,0.17
201013758,2.47
201025011,3.00
201110186,3.50
201112052,2.42
201112330,3.40
201117060,1.42
201119229,3.45
201210405,1.33
201210540,2.58
201210639,2.92
201210670,3.37
201210748,4.03
201210758,3.03
201210764,3.62
201210858,2.92
201210909,2.78
201214921,3.58
201220380,3.48
201310538,2.08
201310569,2.42
201310602,2.08
201310629,3.48
201310640,1.87
201310644,2.78
201310691,2.30
201310706,1.75
201310709,2.50
201310710,0.00
201310715,2.55
201315397,4.08
201318161,2.55
201318166,3.87
201318180,2.55
201318227,1.83
201318267,3.12
201318281,2.63
201318304,0.00
201318322,2.88
201318467,4.03
201321733,3.00
201321741,2.80
201321745,1.80
201321746,1.93
201321747,1.50
201322103,3.57
201400364,3.07
201400366,3.20
201400373,3.62
201400383,3.25
201400384,3.48
201400385,4.58
201400389,3.48
201400397,4.00
201400435,2.42
201400438,1.92
201400440,1.75
201400441,3.50
201400449,3.48
201400458,3.53
201400463,3.20
201400468,4.33
201400470,4.03
201400497,2.70
201400499,2.63
201400508,3.03
201400523,2.17
201400528,2.25
201400535,2.90
201400537,4.03
201400541,4.03
201400552,2.67
201400557,3.22
201400562,3.12
201400580,4.03
201400584,4.17
201400606,3.00
201400634,3.45
201400651,3.45
201400654,2.78
201400661,2.55
201400673,0.83
201400680,4.08
201400683,3.30
201400685,3.48
201400691,3.20
201400708,4.17
201400756,4.58
201400785,2.37
201400788,4.25
201407914,3.38
201407927,2.17
201407943,1.33
201407955,4.00
201407959,1.25
201407970,1.45
201407984,3.87
201407988,2.70
201408038,3.57
201413001,3.45
201413715,2.83
