Carné,Nota
199910871,36.28
200722421,33.94
200915940,30.18
200916276,30.35
201013480,28.26
201117060,34.01
201210074,30.54
201210540,30.44
201210711,27.17
201220014,32.36
201220324,29.92
201220325,34.36
201310142,0
201310529,30.04
201310602,29.82
201310645,29.08
201310674,31.03
201315049,32.01
201318183,31.1
201318186,29.63
201318227,36.73
201318304,29.75
201321726,29.9
201321738,33.95
201321749,18.38
201321802,28.9
201321804,27.41
201322312,31.59
201330970,32.61
201345055,30.51
201400370,34.04
201400427,30.73
201400434,33.79
201400459,31.15
201400460,32.29
201400485,31.15
201400525,31.06
201400600,34.09
201400700,30.2
201400715,34.65
201407923,33.74
201407941,31.42
201407942,32.21
201407980,30.89
201407992,27.49
201408040,33.83
201408058,33.18
201408066,33.89
201408087,30.15
201408184,28.64
201408248,32.85
201411974,36.18
201480044,29.45
201501353,31.99
201502799,36.39
201502800,32.06
201502802,32.9
201502807,31.81
201502816,33.74
201502824,35.33
201502826,33.63
201502840,33.3
201502842,34.6
201502862,31.65
201502869,35.18
201502877,34.8
201502878,32.29
201502882,32.12
201502884,25.47
201502887,29.07
201502891,29.83
201502907,30.81
201502908,36.25
201502915,34.88
201502927,29.67
201502931,36.2
201502934,34.76
201502936,32.07
201502954,32.44
201502976,30.37
201502979,33.34
201502990,32.61
201502993,36.1
201503001,31.07
201503005,36.4
201503007,36.53
201503033,36.43
201503040,34.42
201503041,34.83
201503043,31.96
201503044,36.61
201503051,35.94
201503073,34.56
201503078,32.61
201503080,31.89
201503095,31.07
201503098,30.84
201503099,31.2
201503146,33.53
201503184,31.32
201503209,32.72
201503236,31.92
201503250,32.59
201503263,31.43
201503265,31.25
201503267,27.21
201503293,31.63
201503294,30.91
201503324,31.04
201503339,30.91
201513228,34.64
201513247,31.31
201513248,26.06
201513275,36
201513276,30
201513286,32.22
201513315,31.14
201513331,32
201513338,30.79
201513411,36.31
201513418,30.73
201513483,31.32
201513487,33.68
201513551,36.35
201513561,36.25
201516923,34.39
201580020,32.05
201580036,29.91
201580037,30
