200680047,10
200717835,10
200830845,0
200910790,8.25
200915940,0
200918238,7.3
200918354,7.35
200942698,7.2
201013409,8.25
201013480,6.4
201013758,6.5
201025011,6.4
201110186,8.3
201112052,6.8
201112330,7.2
201117060,8.3
201119229,7.2
201210405,8.2
201210540,6.4
201210639,6.4
201210670,8.4
201210748,6.05
201210758,7.3
201210764,6.9
201210858,7.2
201210909,6.5
201214921,8.2
201220380,6.4
201310538,7.1
201310569,6.8
201310602,7.1
201310629,6.8
201310640,6.5
201310644,6.5
201310691,8.4
201310706,8.2
201310709,8.25
201310710,8.25
201310715,6.8
201315397,10
201318161,8.4
201318166,6.05
201318180,0
201318227,10
201318267,8.4
201318281,8.2
201318304,7.1
201318322,8.4
201318467,6.8
201321733,7.1
201321741,8.2
201321745,8.4
201321746,7.1
201321747,7.1
201322103,7.85
201400364,7.25
201400366,7.25
201400373,7.2
201400383,7.2
201400384,8.3
201400385,7.85
201400389,8.3
201400397,8.3
201400435,8.2
201400438,7.3
201400440,7.25
201400441,7.2
201400449,7.85
201400458,8.5
201400463,8.3
201400468,7.6
201400470,7.6
201400497,10
201400499,7.3
201400508,7.6
201400523,10
201400528,7.25
201400535,10
201400537,10
201400541,8.5
201400552,7.6
201400557,10
201400562,10
201400580,7.3
201400584,10
201400606,8.5
201400634,10
201400651,7.1
201400654,10
201400661,10
201400673,7.6
201400680,10
201400683,8.3
201400685,8.3
201400691,7.85
201400708,10
201400756,10
201400785,10
201400788,8.3
201407914,6.05
201407927,8.3
201407943,8.5
201407955,7.3
201407959,8.2
201407970,7.2
201407984,10
201407988,7.25
201408038,8.5
201413001,7.3
201413715,7.3
