Carné,Nota
199910871,9.50
200722421,2.50
200915940,1.00
200916276,6.50
201013480,6.00
201117060,6.50
201210074,10.00
201210540,2.50
201210711,0.50
201220014,7.50
201220324,2.50
201220325,4.00
201310142,0.00
201310529,8.00
201310602,6.00
201310645,7.50
201310674,2.50
201315049,11.00
201318183,3.50
201318186,0.50
201318227,6.50
201318304,8.50
201321726,4.50
201321738,5.75
201321749,3.00
201321802,2.50
201321804,3.00
201322312,2.00
201330970,7.50
201345055,10.50
201400370,3.50
201400427,3.00
201400434,4.00
201400459,7.50
201400460,4.00
201400485,7.50
201400525,3.00
201400600,5.00
201400700,6.50
201400715,5.00
201407923,3.00
201407941,3.50
201407942,9.50
201407980,1.75
201407992,7.00
201408040,6.00
201408058,4.50
201408066,4.00
201408087,6.00
201408184,10.00
201408248,3.50
201411974,4.00
201480044,5.50
201501353,6.50
201502799,14.00
201502800,5.00
201502802,11.00
201502807,4.50
201502816,8.25
201502824,10.50
201502826,3.00
201502840,9.00
201502842,7.00
201502862,13.00
201502869,13.50
201502877,10.50
201502878,8.00
201502882,4.00
201502884,6.50
201502887,7.50
201502891,11.50
201502907,10.50
201502908,13.00
201502915,0.50
201502927,5.50
201502931,7.25
201502934,5.00
201502936,3.00
201502954,4.25
201502976,12.00
201502979,12.00
201502990,10.50
201502993,13.25
201503001,5.00
201503005,12.50
201503007,11.00
201503033,11.75
201503040,7.00
201503041,14.50
201503043,11.50
201503044,13.50
201503051,9.00
201503073,7.00
201503078,12.50
201503080,9.25
201503095,12.50
201503098,14.00
201503099,6.50
201503146,8.00
201503184,7.50
201503209,2.50
201503236,2.50
201503250,2.50
201503263,5.50
201503265,6.50
201503267,5.25
201503293,3.00
201503294,8.50
201503324,11.00
201503339,4.50
201513228,8.00
201513247,5.00
201513248,6.50
201513275,4.00
201513276,5.00
201513286,7.00
201513315,4.50
201513331,4.50
201513338,14.75
201513411,11.00
201513418,7.50
201513483,3.50
201513487,8.75
201513551,13.50
201513561,10.00
201516923,14.25
201580020,7.00
201580036,3.75
201580037,14.75
