200680047,10
200717835,14.63
200830845,0
200910790,5.6
200915940,2.88
200918238,6.38
200918354,7
200942698,1.12
201013409,2.5
201013480,8
201013758,4
201025011,9
201110186,5.48
201112052,7.38
201112330,6.5
201117060,0
201119229,12.5
201210405,5.5
201210540,2.68
201210639,4.5
201210670,4.13
201210748,7.5
201210758,10
201210764,4.13
201210858,3
201210909,4.5
201214921,14.3
201220380,4.13
201310538,7.8
201310569,1.13
201310602,4.25
201310629,10.8
201310640,7.5
201310644,5.25
201310691,11.8
201310706,12
201310709,7.9
201310710,3.75
201310715,7.63
201315397,12.5
201318161,6.75
201318166,4.15
201318180,5.5
201318227,0
201318267,7.05
201318281,7.15
201318304,6.25
201318322,4.75
201318467,14.25
201321733,5.25
201321741,9.9
201321745,8
201321746,4.25
201321747,5
201322103,10.75
201400364,5.75
201400366,4
201400373,7
201400383,9.63
201400384,8.1
201400385,9.8
201400389,8.13
201400397,2.5
201400435,14.24
201400438,8
201400440,6
201400441,9.75
201400449,5.5
201400458,15
201400463,9.75
201400468,13.3
201400470,11.55
201400497,4
201400499,7
201400508,9.93
201400523,8.13
201400528,4
201400535,4.8
201400537,10.9
201400541,5.5
201400552,5.88
201400557,12.75
201400562,5.7
201400580,13.5
201400584,10.1
201400606,8.5
201400634,3.25
201400651,5.35
201400654,12.75
201400661,10.6
201400673,8
201400680,3.5
201400683,4.57
201400685,7.13
201400691,7.13
201400708,14.83
201400756,6
201400785,7.5
201400788,7.35
201407914,7
201407927,4.5
201407943,10
201407955,2
201407959,4.13
201407970,11
201407984,9.93
201407988,7
201408038,6.63
201413001,3.37
201413715,11
