200680047,4
200717835,4.70
200830845,0.00
200910790,4.50
200915940,0.00
200918238,4.70
200918354,4.45
200942698,5.00
201013409,0.00
201013480,4.45
201013758,4.45
201025011,4.70
201110186,5.00
201112052,4.70
201112330,5.00
201117060,3.60
201119229,3.00
201210405,5.00
201210540,4.45
201210639,4.45
201210670,4.70
201210748,5.00
201210758,4.45
201210764,4.70
201210858,5.00
201210909,4.70
201214921,5.00
201220380,4.45
201310538,4.15
201310569,4.70
201310602,4.15
201310629,4.70
201310640,4.70
201310644,4.70
201310691,2.50
201310706,4.45
201310709,4.50
201310710,4.50
201310715,4.70
201315397,5.00
201318161,2.50
201318166,4.15
201318180,4.70
201318227,3.60
201318267,4.70
201318281,5.00
201318304,4.15
201318322,2.50
201318467,5.00
201321733,3.50
201321741,5.00
201321745,2.50
201321746,3.50
201321747,3.50
201322103,3.00
201400364,2.50
201400366,4.50
201400373,4.70
201400383,3.00
201400384,4.70
201400385,5.00
201400389,4.70
201400397,3.60
201400435,4.70
201400438,4.50
201400440,2.50
201400441,3.00
201400449,5.00
201400458,4.70
201400463,4.70
201400468,4.70
201400470,4.70
201400497,5.00
201400499,4.50
201400508,5.00
201400523,5.00
201400528,2.50
201400535,4.70
201400537,4.70
201400541,3.60
201400552,4.70
201400557,5.00
201400562,5.00
201400580,4.45
201400584,5.00
201400606,4.70
201400634,3.35
201400651,3.35
201400654,5.00
201400661,3.35
201400673,5.00
201400680,5.00
201400683,4.70
201400685,4.70
201400691,5.00
201400708,4.70
201400756,4.70
201400785,5.00
201400788,5.00
201407914,4.70
201407927,3.60
201407943,5.00
201407955,5.00
201407959,4.70
201407970,3.50
201407984,4.15
201407988,2.50
201408038,4.70
201413001,4.50
201413715,4.45
