Carnet,Nota
199910871,12.5
200722421,3
200915940,6
200916276,7
201013480,8
201117060,5
201210074,11.75
201210540,4
201210711,3.5
201220014,8.5
201220324,6
201220325,9.75
201310142,0
201310529,6.5
201310602,6
201310645,6.5
201310674,10
201315049,9
201318183,4.5
201318186,9
201318227,7
201318304,10.5
201321726,4
201321738,9.75
201321749,5.5
201321802,4.5
201321804,7.75
201322312,7.5
201330970,6.5
201345055,4.5
201400370,10.5
201400427,8.75
201400434,8.5
201400459,11.75
201400460,3.5
201400485,6
201400525,4.5
201400600,7.5
201400700,10
201400715,9
201407923,7.5
201407941,7.5
201407942,12
201407980,9.5
201407992,10
201408040,7.5
201408058,7.5
201408066,7.5
201408087,3.25
201408184,9.5
201408248,9.5
201411974,12.5
201480044,7
201501353,6
201502799,13
201502800,10.75
201502802,13
201502807,12
201502816,11.5
201502824,11.5
201502826,10
201502840,11.5
201502842,12.75
201502862,12.75
201502869,12.75
201502877,11.25
201502878,8.5
201502882,9.5
201502884,12
201502887,11
201502891,12
201502907,9.5
201502908,10.75
201502915,10.5
201502927,11
201502931,9.5
201502934,9
201502936,8.5
201502954,12
201502976,9.5
201502979,7.75
201502990,7
201502993,7
201503001,9.25
201503005,10.25
201503007,11.5
201503033,14.5
201503040,11
201503041,12.5
201503043,12.25
201503044,14.5
201503051,11
201503073,6
201503078,11.5
201503080,13.25
201503095,11.75
201503098,12.75
201503099,6
201503146,12
201503184,5
201503209,10
201503236,10
201503250,8.5
201503263,6
201503265,11.5
201503267,5.5
201503293,8.5
201503294,13
201503324,8.75
201503339,11
201513228,12.75
201513247,7
201513248,11
201513275,11.5
201513276,10
201513286,13.5
201513315,9.5
201513331,13
201513338,10
201513411,5.5
201513418,8
201513483,5.5
201513487,10.75
201513551,15
201513561,13.5
201516923,10
201580020,12.5
201580036,10.5
201580037,10.5
