200680047,15
200717835,19.625
200830845,6.7
200910790,17.25
200915940,13.75
200918238,17.75
200918354,9.375
200942698,18.375
201013409,14.875
201013480,6.5
201013758,15.75
201025011,19.575
201110186,16.45
201112052,17.75
201112330,18.375
201117060,16.75
201119229,17.5
201210405,15.5
201210540,16.375
201210639,16.375
201210670,17.075
201210748,19.375
201210758,17.75
201210764,19.575
201210858,18.375
201210909,18.25
201214921,16
201220380,16.375
201310538,18.25
201310569,18.7
201310602,15.75
201310629,18.7
201310640,13.5
201310644,18.25
201310691,17.2
201310706,17.75
201310709,17.25
201310710,17.25
201310715,18.7
201315397,17.625
201318161,17.2
201318166,19.625
201318180,18.7
201318227,16.75
201318267,15.25
201318281,17.875
201318304,15.75
201318322,17.2
201318467,16.45
201321733,17.875
201321741,17.875
201321745,15.325
201321746,17.875
201321747,17.875
201322103,17.5
201400364,18.125
201400366,17.625
201400373,19.575
201400383,17.5
201400384,19.25
201400385,19.5
201400389,16.375
201400397,16.75
201400435,18.875
201400438,17.625
201400440,18.125
201400441,17.5
201400449,19.625
201400458,19
201400463,19.375
201400468,17.75
201400470,19.25
201400497,17.625
201400499,17.625
201400508,16.45
201400523,19.5
201400528,18.125
201400535,18.875
201400537,18.875
201400541,16.75
201400552,19.25
201400557,17.625
201400562,19.25
201400580,18.125
201400584,19.25
201400606,19
201400634,18.625
201400651,18.625
201400654,19.25
201400661,18.625
201400673,19.375
201400680,19.25
201400683,19.375
201400685,19.375
201400691,19.5
201400708,19
201400756,19.625
201400785,17.625
201400788,16.45
201407914,19.25
201407927,14.375
201407943,19.375
201407955,19.375
201407959,13.875
201407970,17.875
201407984,19.625
201407988,18.125
201408038,19
201413001,17.625
201413715,17.75
