Carnet,Nota
,
200414047,1
201210721,2
201211982,4
201220324,4
201318153,4
201318294,11
201318384,3
201321744,3
201321749,6
201325590,7
201400379,2
201400410,5
201400664,8
201400711,4
201400781,4
201404665,10
201407994,1
201408142,4
201408203,1
201408825,0
201413622,3
201413680,0
201415512,7
201431578,10
201501353,8
201502852,8
201502866,4
201502872,5
201502885,0
201502887,8
201503334,3
201503359,7
201512721,9
201513238,5
201513240,7
201513241,10
201513341,2
201513358,11
201513418,6
201513468,5
201513483,7
201515481,9
201513804,0
201516851,8
201603318,11
201603320,4
201603330,11
201603373,12
201603374,7
201603375,12
201603378,11
201603384,5
201603417,10
201603419,8
201603437,7
201603438,0
201603441,9
201603450,7
201603472,7
201603480,6
201603483,3
201603489,5
201603493,10
201603506,6
201603509,10
201603510,4
201603513,11
201603517,11
201603523,5
201603531,7
201603532,5
201603543,7
201603548,9
201603570,10
201603574,9
201603578,7
201603589,9
201603610,8
201603635,6
201603717,9
201603720,8
201603738,7
201603750,7
201603814,9
201610725,10
201610816,6
201610852,13
201610853,5
201610855,8
201610869,11
201610883,5
201610903,5
201610933,11
201610971,11
201611025,8
201611217,9
201611263,3
201616802,0
201616839,6
201616869,7
201616983,8
201616993,7
201680025,6
201680043,8
201680044,5
