199910871,8
200722421,9
200916276,8
201210074,13.5
201220014,11
201220324,12
201310142,13
201310529,0
201310645,0
201315049,10.5
201318153,12
201321738,15
201321749,10
201321802,5
201322312,11
201330970,14
201345055,12
201400370,14
201400410,6.5
201400434,12
201400459,4
201400460,8
201400485,0
201400525,15
201400553,7
201400600,10
201400700,10
201400715,8
201407923,8
201407941,12
201407942,10
201407980,11
201407992,11
201408040,10
201408058,12.5
201408066,12
201408087,7
201408184,15
201408248,13
201411974,14
201415512,8
201480044,13.5
201501353,13
201502799,13
201502800,9.5
201502802,12.5
201502807,13
201502816,12
201502824,15
201502826,11
201502840,12
201502842,14
201502862,12
201502869,12
201502877,13.5
201502878,10
201502882,12
201502884,13
201502887,8.5
201502891,10
201502907,13
201502908,13.5
201502915,8
201502927,12
201502931,15
201502934,10
201502936,13.5
201502954,11
201502976,15
201502979,14
201502990,9
201502993,10
201503001,12
201503005,12.5
201503007,11
201503033,15
201503040,13.5
201503041,14
201503043,9
201503044,13.5
201503051,13
201503073,9
201503078,11
201503080,6
201503095,12
201503098,15
201503099,8
201503146,10
201503184,12
201503209,10.5
201503236,11
201503250,14
201503263,9
201503265,8
201503267,13
201503293,7
201503294,11.5
201503324,13
201503339,14
201513228,15
201513247,12
201513248,9
201513275,9
201513276,12.5
201513286,10
201513315,10
201513331,7
201513338,13
201513411,10
201513418,12
201513468,4
201513483,8
201513487,12
201513551,10
201513561,13
201516923,6.5
201580020,15
201580036,7
201580037,15
