201211987,8
201318294,9
201318384,10
201321744,8
201325590,10
201400379,10
201400410,9
201400664,9
201400711,8
201400781,8
201404665,9
201408142,8
201413622,10
201413680,9
201431578,8
201502852,10
201502872,9
201503334,10
201503359,8
201512721,8
201513238,9
201513240,8
201513241,9
201513341,8
201513358,8
201515481,9
201516851,10
201603318,9
201603373,8
201603374,8
201603375,8
201603378,8
201603384,8
201603417,8
201603419,10
201603437,10
201603441,8
201603450,9
201603472,9
201603480,8
201603483,8
201603489,9
201603493,10
201603506,8
201603509,9
201603510,8
201603513,8
201603517,10
201603523,9
201603531,9
201603532,8
201603543,9
201603548,9
201603570,9
201603574,9
201603578,8
201603589,10
201603610,8
201603635,8
201603717,8
201603720,8
201603738,9
201603750,8
201603814,8
201610725,9
201610816,9
201610852,10
201610853,9
201610855,9
201610869,8
201610883,8
201610903,9
201610933,10
201610971,9
201611217,9
201611263,9
201616802,9
201616839,8
201616869,8
201616983,9
201616993,8
201680025,8
201680043,8
201680044,9
