200717835,66
200910790,58
200942698,49
201013480,53
201025011,51
201110186,43
201112052,45
201112176,37
201112330,55
201117060,45
201119229,61
201210405,51
201210625,44
201210711,50
201210748,49
201210764,48
201210858,50
201214921,61
201220324,44
201220325,47
201310529,49
201310538,48
201310569,62
201310602,53
201310640,56
201310644,49
201310674,37
201310691,45
201310706,56
201310709,51
201310710,50
201310715,53
201315397,55
201318161,48
201318166,59
201318180,54
201318183,49
201318186,41
201318227,51
201318267,47
201318304,54
201318322,54
201318467,59
201321726,47
201321733,52
201321741,55
201321745,50
201321746,51
201321747,54
201321775,58
201321804,57
201322103,59
201400364,61
201400366,48
201400373,60
201400383,56
201400384,57
201400385,62
201400389,55
201400397,48
201400427,40
201400435,63
201400438,55
201400440,48
201400441,50
201400449,61
201400458,60
201400463,55
201400468,60
201400470,63
201400497,59
201400499,57
201400508,51
201400523,47
201400528,54
201400535,60
201400537,61
201400541,61
201400552,65
201400557,61
201400562,55
201400580,62
201400584,59
201400606,60
201400634,61
201400651,53
201400654,65
201400661,55
201400673,55
201400680,58
201400683,51
201400685,52
201400691,63
201400708,55
201400756,61
201400785,62
201400788,58
201407914,47
201407927,47
201407938,50
201407943,55
201407955,61
201407959,55
201407970,53
201407984,58
201407988,48
201408038,60
201413001,54
201413715,52
