199910871,9
200722421,8.25
200916276,11.25
201210074,10.5
201220014,8.25
201220324,4.5
201310142,10.5
201310529,0
201310645,7.5
201315049,9
201318153,6.75
201321738,8.25
201321749,6
201321802,6
201322312,5.25
201330970,10.5
201345055,5.25
201400370,9
201400410,5.25
201400434,9.75
201400459,8.25
201400460,5.25
201400485,9.75
201400525,9
201400553,6.75
201400600,9
201400700,9.75
201400715,9.75
201407923,6.75
201407941,9
201407942,10.5
201407980,10.5
201407992,7.5
201408040,8.25
201408058,7.5
201408066,9.75
201408087,8.25
201408184,10.5
201408248,6
201411974,11.25
201415512,7.5
201480044,6.75
201501353,7.5
201502799,8.25
201502800,9.75
201502802,11.25
201502807,10.5
201502816,11.25
201502824,8.25
201502826,5.25
201502840,8.25
201502842,10.5
201502862,11.25
201502869,12
201502877,12
201502878,4.5
201502882,10.5
201502884,7.5
201502887,5.25
201502891,6
201502907,13.5
201502908,8.25
201502915,7.5
201502927,8.25
201502931,10.5
201502934,8.25
201502936,8.25
201502954,11.25
201502976,12
201502979,6.75
201502990,11.25
201502993,11.25
201503001,11.25
201503005,11.25
201503007,10.5
201503033,11.25
201503040,10.5
201503041,10.5
201503043,9.75
201503044,11.25
201503051,12
201503073,9.75
201503078,10.5
201503080,7.5
201503095,11.25
201503098,7.5
201503099,6.75
201503146,8.25
201503184,9.75
201503209,7.5
201503236,6.75
201503250,9
201503263,9.75
201503265,6.75
201503267,3.75
201503293,10.5
201503294,8.25
201503324,7.5
201503339,6.75
201513228,12
201513247,6.75
201513248,6
201513275,10.5
201513276,3.75
201513286,9.75
201513315,9
201513331,10.5
201513338,12
201513411,12
201513418,6
201513468,6
201513483,7.5
201513487,7.5
201513551,12.75
201513561,9.75
201516923,11.25
201580020,12
201580036,12
201580037,12.75
