201211987,7.5
201318294,14.25
201318384,11.25
201321744,9.75
201325590,12.75
201400379,10.75
201400410,12
201400664,13.5
201400711,12
201400781,10.5
201404665,10.5
201408142,8.25
201413622,10.75
201413680,5.25
201431578,10.5
201502852,10.5
201502872,12
201503334,12
201503359,11.25
201512721,12
201513238,9.75
201513240,10.5
201513241,12
201513341,7.5
201513358,13.5
201515481,13.5
201516851,11.25
201603318,11.25
201603373,13.5
201603374,9.75
201603375,12.75
201603378,14.25
201603384,12
201603417,12.75
201603419,12.75
201603437,9.75
201603441,12
201603450,13.5
201603472,11.25
201603480,11.25
201603483,9.75
201603489,9.75
201603493,13.5
201603506,11.25
201603509,12.75
201603510,11.25
201603513,14.25
201603517,12
201603523,9
201603531,11.25
201603532,11.25
201603543,11.25
201603548,10.5
201603570,13.5
201603574,13.5
201603578,9.75
201603589,13.5
201603610,14.25
201603635,13.5
201603717,10.5
201603720,11.25
201603738,11.25
201603750,12.75
201603814,12
201610725,12
201610816,10.5
201610852,14.25
201610853,12.75
201610855,12.75
201610869,13.5
201610883,9.75
201610903,11.25
201610933,13.5
201610971,12
201611217,12.75
201611263,11.25
201616802,8.25
201616839,12.75
201616869,12
201616983,9.75
201616993,11.25
201680025,10.25
201680043,13.5
201680044,9.75
