201211987,7.8
201318294,8.4
201318384,6
201321744,6
201325590,9.6
201400379,5.4
201400410,6
201400664,5.2
201400711,7.2
201400781,8.4
201404665,7.2
201408142,8.25
201413622,7.2
201413680,4.2
201431578,8.4
201502852,9.6
201502872,6
201503334,7.8
201503359,7.8
201512721,9.6
201513238,6
201513240,10.2
201513241,9
201513341,6
201513358,9.6
201515481,9.6
201516851,10.2
201603318,9.6
201603373,10.2
201603374,9.6
201603375,9.6
201603378,10.8
201603384,10.2
201603417,8.4
201603419,6
201603437,8.4
201603441,10.8
201603450,10.2
201603472,7.2
201603480,7.8
201603483,4.2
201603489,9
201603493,10.2
201603506,7.8
201603509,6.6
201603510,9
201603513,7.8
201603517,10.8
201603523,6.6
201603531,7.8
201603532,6.6
201603543,11.4
201603548,10.8
201603570,11.4
201603574,9.6
201603578,6
201603589,9.6
201603610,6
201603635,9
201603717,10.2
201603720,7.8
201603738,6.6
201603750,12
201603814,8.4
201610725,7.8
201610816,6.6
201610852,8.4
201610853,9
201610855,6.6
201610869,12
201610883,6.6
201610903,8.4
201610933,12
201610971,9
201611217,7.8
201611263,6
201616802,5.4
201616839,7.8
201616869,6
201616983,6.6
201616993,7.2
201680025,8.4
201680043,9.6
201680044,8.4
