201211987,7
201318294,11
201318384,0
201321744,11
201325590,9
201400379,12
201400410,8
201400664,0
201400711,10
201400781,8
201404665,9
201408142,9
201413622,8
201413680,9
201431578,14
201502852,9
201502872,10
201503334,6
201503359,9
201512721,13
201513238,12
201513240,0
201513241,14
201513341,4
201513358,10
201515481,12
201516851,7
201603318,13
201603373,12
201603374,9
201603375,12
201603378,9
201603384,9
201603417,12
201603419,11
201603437,12
201603441,0
201603450,15
201603472,13
201603480,8
201603483,10
201603489,7
201603493,12
201603506,12
201603509,12
201603510,9
201603513,7
201603517,12
201603523,8
201603531,8
201603532,11
201603543,13
201603548,9
201603570,13
201603574,12
201603578,8
201603589,9
201603610,12
201603635,6
201603717,5
201603720,13
201603738,7
201603750,6
201603814,9
201610725,12
201610816,6
201610852,9
201610853,8
201610855,14
201610869,10
201610883,13
201610903,12
201610933,11
201610971,12
201611217,0
201611263,10
201616802,9
201616839,9
201616869,9
201616983,9
201616993,9
201680025,0
201680043,9
201680044,0
