199910871,13
200722421,10
200916276,10
201210074,13
201220014,11
201220324,8
201310142,14
201310529,0
201310645,11
201315049,12
201318153,7
201321738,13.5
201321749,9
201321802,12
201322312,13
201330970,14
201345055,11
201400370,10
201400410,11
201400434,14
201400459,13
201400460,9
201400485,12
201400525,12
201400553,13
201400600,13
201400700,11
201400715,13
201407923,9
201407941,12
201407942,9
201407980,8
201407992,11
201408040,5
201408058,8
201408066,13
201408087,12
201408184,12.16
201408248,11
201411974,13
201415512,11
201480044,8
201501353,10
201502799,14
201502800,10
201502802,15
201502807,13
201502816,15
201502824,11
201502826,12
201502840,12
201502842,13
201502862,12
201502869,14
201502877,12
201502878,13
201502882,12
201502884,14
201502887,13
201502891,13
201502907,14
201502908,14
201502915,8
201502927,12
201502931,13
201502934,10
201502936,12
201502954,14
201502976,14
201502979,12
201502990,13
201502993,11
201503001,13
201503005,9
201503007,13
201503033,10
201503040,14
201503041,15
201503043,13
201503044,12
201503051,15
201503073,11
201503078,12
201503080,12
201503095,15
201503098,14
201503099,13
201503146,11
201503184,12
201503209,11
201503236,13
201503250,11
201503263,13
201503265,13
201503267,9
201503293,11
201503294,10
201503324,13
201503339,14
201513228,13
201513247,12
201513248,14
201513275,13
201513276,12
201513286,10
201513315,14
201513331,14
201513338,13
201513411,10
201513418,10
201513468,11
201513483,12
201513487,13
201513551,13
201513561,13
201516923,13
201580020,15
201580036,14
201580037,15
