199910871,24.29
200722421,22.68
200916276,23.32
201210074,24.29
201220014,24.29
201220324,24.29
201310142,21.43
201310529,3.57
201310645,24.24
201315049,24.24
201318153,23.58
201321738,23.58
201321749,23.36
201321802,23.58
201322312,23.04
201330970,23.58
201345055,23.36
201400370,23.30
201400410,9.65
201400434,23.34
201400459,22.23
201400460,23.04
201400485,23.34
201400525,23.04
201400553,23.21
201400600,23.34
201400700,22.23
201400715,23.34
201407923,23.34
201407941,23.04
201407942,23.34
201407980,23.48
201407992,23.32
201408040,23.32
201408058,22.23
201408066,22.23
201408087,23.32
201408184,23.48
201408248,23.48
201411974,23.48
201415512,23.36
201480044,23.48
201501353,23.48
201502799,23.04
201502800,23.04
201502802,24.29
201502807,23.39
201502816,24.29
201502824,23.39
201502826,24.29
201502840,24.29
201502842,23.39
201502862,24.29
201502869,20.71
201502877,23.39
201502878,24.29
201502882,24.34
201502884,24.34
201502887,23.27
201502891,23.27
201502907,23.27
201502908,24.34
201502915,23.27
201502927,23.27
201502931,23.39
201502934,23.27
201502936,24.34
201502954,24.34
201502976,24.34
201502979,23.36
201502990,23.68
201502993,23.14
201503001,23.14
201503005,23.14
201503007,23.14
201503033,23.14
201503040,23.14
201503041,23.21
201503043,23.21
201503044,23.68
201503051,23.68
201503073,23.21
201503078,23.68
201503080,23.36
201503095,23.21
201503098,23.68
201503099,19.64
201503146,23.68
201503184,21.68
201503209,23.21
201503236,19.56
201503250,23.14
201503263,23.14
201503265,23.14
201503267,23.36
201503293,23.14
201503294,21.68
201503324,21.68
201503339,19.56
201513228,22.68
201513247,22.68
201513248,22.68
201513275,23.14
201513276,21.68
201513286,22.68
201513315,22.68
201513331,22.68
201513338,23.32
201513411,22.23
201513418,21.68
201513468,22.23
201513483,21.68
201513487,24.24
201513551,22.23
201513561,24.24
201516923,23.14
201580020,23.36
201580036,24.24
201580037,24.24
