carnet ,zona 
200910593,56
201014309,24
201124129,24
201310638,33
201400850,40
201512441,46
201513072,53
201517011,50
201517079,49
201600375,63
201601951,53
201603463,54
201603535,53
201607215,54
201610904,41
201610984,37
201612316,52
201612496,54
201617082,40
201617182,19
201642102,52
201703180,59
201703181,56
201703182,53
201703183,44
201703185,56
201703187,45
201703188,51
201703189,59
201703190,46
201703191,51
201703192,53
201703193,60
201703195,47
201703196,50
201703197,50
201703198,48
201703199,44
201703201,51
201703202,56
201703203,57
201703204,56
201703205,56
201703207,57
201703209,57
201703210,54
201703211,55
201703213,53
201703214,59
201703215,52
201703216,47
201703217,37
201703220,44
201703222,50
201703223,48
201703224,58
201703225,54
201703226,58
201703228,47
201703231,55
201703233,47
201703234,52
201703235,54
201703238,52
201703239,40
201703240,49
201703243,40
201703246,59
201703249,49
201703255,53
201703256,52
201703288,59
201703292,51
201703305,55
201703306,55
201703314,57
201703316,58
201703325,51
201703328,51
201703334,44
201703339,57
201703340,39
201703344,50
201703360,50
201703365,62
201703394,55
201703400,46
201703407,46
201703408,60
201703409,47
201703412,55
201703414,55
201703416,60
201703420,50
201703423,61
201703424,57
201703426,52
201703428,50
201703430,53
201703433,52
201703441,50
201703442,46
201703449,39
201703467,55
201703469,51
201703478,50
201703483,56
201703491,51
201703492,55
201703495,58
201703497,54
201703503,41
201703508,64
201703511,44
201703516,50
201703521,54
201703531,54
201703532,33
201703537,53
201703540,53
201703545,51
201703556,42
201703586,48
201703587,51
201703618,51
201703621,45
201703648,51
201703673,46
201703691,33
201708409,50
201708423,45
201708426,49
201708486,51
201708509,59
201708539,49
201708542,54
201708572,58
201708578,62
201708634,53
201713540,48
201780023,54
201780041,52
201780048,51
