CARNET,RESTO ZONA
200680047,0
200717835,32.6
200830845,17.39
200910790,31.92
200915940,29.67
200942698,33.71
201013480,20.12
201013758,21.65
201021759,29.41
201025011,32.24
201110186,33.82
201112052,27.66
201112330,29.61
201117060,0.83
201119229,32.6
201210405,29.67
201210625,33.245
201210639,25.26
201210670,29.16
201210711,28.01
201210748,33.08
201210764,27.8
201210858,31.27
201214921,30.83
201220325,29.6
201310538,31.4
201310569,35.32
201310599,26.93
201310602,30.24
201310629,32.8
201310639,29.36
201310640,24.02
201310644,24.42
201310674,24.53
201310691,26.45
201310706,29.71
201310709,30.48
201310710,24.45
201310715,35.48
201315397,26.96
201318161,30.455
201318166,30.2
201318180,37.16
201318183,22.76
201318186,32.36
201318227,0
201318267,31.815
201318304,20.13
201318322,29.13
201318467,33.3
201321726,33.88
201321733,31.16
201321741,28.07
201321745,27.25
201321746,29.48
201321747,28.8
201321804,30.645
201322103,30.96
201400364,29.72
201400366,32.335
201400373,31.32
201400383,30.64
201400384,30.92
201400385,31.8
201400389,31.8
201400397,30.12
201400427,22.66
201400435,30.93
201400438,25.775
201400440,28.8
201400441,33.36
201400449,33
201400458,35.7
201400463,32.24
201400468,31.18
201400470,35.12
201400497,28.6
201400499,30.515
201400508,37.06
201400523,30.6
201400528,32.84
201400535,29.33
201400537,30.45
201400541,32.4
201400552,33.12
201400557,29.64
201400562,33.93
201400580,36.615
201400584,30.49
201400606,31.2
201400634,35.32
201400651,35.48
201400654,34.57
201400661,30.85
201400673,32.17
201400680,32.65
201400683,29.44
201400685,30.12
201400691,33.72
201400708,35.7
201400756,33.92
201400785,30.44
201400788,35.86
201407914,31.2
201407927,24.47
201407943,31.69
201407955,33.355
201407959,30.93
201407970,33.4
201407984,34.1
201407988,32.16
201408038,36.66
201413001,33.055
201413715,35.855
