CARNET,PRIMER PARCIAL
200680047,0.0
200717835,12.5
200830845,4.5
200910790,3.5
200915940,6.6
200942698,6.6
201013480,7.4
201013758,9.6
201021759,11.6
201025011,7.2
201110186,8.3
201112052,6.3
201112330,10.4
201117060,0.0
201119229,11.6
201210405,8.6
201210625,8.6
201210639,8.9
201210670,5.3
201210711,3.0
201210748,10.2
201210764,6.2
201210858,5.9
201214921,12.4
201220325,7.8
201310538,7.7
201310569,9.2
201310599,5.0
201310602,10.4
201310629,10.4
201310639,8.6
201310640,4.4
201310644,4.3
201310674,4.5
201310691,3.2
201310706,11.3
201310709,4.5
201310710,4.8
201310715,11.0
201315397,11.9
201318161,6.8
201318166,10.4
201318180,8.7
201318183,12.6
201318186,9.2
201318227,0.0
201318267,6.6
201318304,7.9
201318322,3.9
201318467,12.0
201321726,8.6
201321733,12.8
201321741,11.3
201321745,5.1
201321746,10.4
201321747,9.9
201321804,8.3
201322103,12.5
201400364,11.6
201400366,10.1
201400373,11.0
201400383,9.7
201400384,9.2
201400385,13.4
201400389,9.9
201400397,6.6
201400427,2.4
201400435,8.3
201400438,10.7
201400440,8.3
201400441,9.8
201400449,11.1
201400458,8.3
201400463,10.0
201400468,11.4
201400470,11.3
201400497,11.6
201400499,9.8
201400508,8.9
201400523,8.0
201400528,12.5
201400535,6.8
201400537,11.9
201400541,9.9
201400552,9.4
201400557,12.5
201400562,12.6
201400580,14.3
201400584,12.3
201400606,11.5
201400634,12.2
201400651,11.4
201400654,11.4
201400661,13.4
201400673,10.6
201400680,12.2
201400683,4.9
201400685,9.2
201400691,10.1
201400708,12.9
201400756,9.6
201400785,11.3
201400788,11.6
201407914,9.5
201407927,8.6
201407943,10.9
201407955,12.2
201407959,6.5
201407970,12.0
201407984,11.6
201407988,9.8
201408038,11.3
201413001,5.2
201413715,10.1
