CARNET,SEGUNDO PARCIAL
200680047,0.0
200717835,13.5
200830845,11.0
200910790,7.2
200915940,2.7
200942698,12.6
201013480,7.4
201013758,8.4
201021759,10.8
201025011,9.2
201110186,5.4
201112052,0.8
201112330,7.1
201117060,0.0
201119229,13.2
201210405,10.2
201210625,5.6
201210639,4.7
201210670,3.5
201210711,2.4
201210748,10.5
201210764,9.8
201210858,10.7
201214921,13.2
201220325,11.9
201310538,14.1
201310569,3.5
201310599,6.9
201310602,5.1
201310629,9.2
201310639,9.0
201310640,11.4
201310644,9.6
201310674,2.3
201310691,1.8
201310706,11.1
201310709,4.5
201310710,11.4
201310715,11.0
201315397,8.4
201318161,10.5
201318166,12.0
201318180,7.7
201318183,2.9
201318186,9.2
201318227,0.0
201318267,7.4
201318304,9.2
201318322,6.8
201318467,6.0
201321726,9.2
201321733,8.9
201321741,9.5
201321745,2.9
201321746,10.5
201321747,11.0
201321804,10.4
201322103,14.1
201400364,12.8
201400366,11.0
201400373,12.6
201400383,10.2
201400384,13.5
201400385,15.0
201400389,5.4
201400397,5.7
201400427,0.9
201400435,15.0
201400438,11.0
201400440,2.1
201400441,10.1
201400449,10.8
201400458,11.9
201400463,10.5
201400468,12.8
201400470,11.7
201400497,11.0
201400499,8.3
201400508,8.9
201400523,8.9
201400528,14.3
201400535,11.9
201400537,12.2
201400541,9.3
201400552,6.3
201400557,12.6
201400562,7.7
201400580,15.0
201400584,11.0
201400606,11.9
201400634,13.7
201400651,14.3
201400654,12.0
201400661,11.4
201400673,10.2
201400680,12.8
201400683,2.1
201400685,12.0
201400691,12.9
201400708,11.6
201400756,14.1
201400785,13.2
201400788,10.4
201407914,10.2
201407927,1.1
201407943,8.0
201407955,13.4
201407959,13.7
201407970,14.6
201407984,3.9
201407988,12.8
201408038,10.2
201413001,11.9
201413715,9.5
