200012228;75
200210833;75
200210922;75
200515323;78
200610591;78
200610644;78
200715451;75
200715564;76
200715735;76
200715777;78
200718112;78
200810397;76
200810423;78
200810476;76
200810486;78
200810490;73
200810510;78
200810785;78
200810844;78
200817539;78
200910861;76
200915819;75
200915820;78
200915862;78
200915914;75
200915921;78
200915927;75
200915963;78
200915978;75
200916028;78
200916146;78
200916189;78
200916256;78
200918198;78
200918427;78
200980066;75
201012725;78
201013412;78
201013452;78
201013529;76
201013618;78
201013623;78
201013762;76
201013816;78
201021739;75
201112012;78
201112013;78
201112034;76
201112071;76
201112079;76
201112110;78
201112118;73
201112122;73
201112145;73
201112156;78
201112157;73
201112178;78
201112179;73
201112183;78
201112186;78
201112187;78
201112198;78
201112238;76
201112246;73
201112251;78
201112255;73
201112260;73
201112317;78
201112331;78
201112335;78
201119678;73
