9410032,30
199910032,30
200110946,30
200313810,30
200413941,30
200512346,30
200512348,30
200515207,30
200515227,30
200610529,30
200610666,30
200614307,30
200614313,30
200614392,30
200614704,30
200619653,30
200715426,30
200715464,30
200715606,30
200715624,30
200715642,30
200715656,30
200715723,15
200810476,30
200810484,30
200810494,30
200810572,30
200817606,30
200817607,30
200817675,30
200817775,30
200915798,30
200915813,30
200915816,30
200915828,30
200915866,30
200915876,30
200915884,30
200915920,30
200915930,30
200915934,30
200915973,30
200916057,30
200916154,30
201013348,30
201013355,30
201013367,30
201013386,30
201013407,30
201013408,30
201013418,30
201013445,30
201013451,30
201013465,30
201013486,30
201013487,30
201013549,30
201013563,30
201013579,30
201013582,30
201013594,30
201013595,30
201013597,20
201013665,15
201013687,30
201013688,30
201013783,30
201021750,30
201021812,30
201080015,30
201080039,30
201080042,20
