9410032,50
199910032,50
200110946,50
200313810,50
200413941,50
200512346,50
200512348,50
200515207,50
200515227,50
200610529,50
200610666,50
200614307,50
200614313,50
200614392,50
200614704,50
200619653,50
200715426,50
200715464,50
200715606,50
200715624,50
200715642,50
200715656,50
200715723,50
200810476,50
200810484,50
200810494,50
200810572,50
200817606,50
200817607,50
200817675,50
200817775,50
200915798,50
200915813,50
200915816,50
200915828,50
200915866,50
200915876,50
200915884,50
200915920,50
200915930,50
200915934,50
200915973,50
200916057,50
200916154,50
201013348,50
201013355,50
201013367,50
201013386,50
201013407,50
201013408,50
201013418,50
201013445,50
201013451,50
201013465,50
201013486,50
201013487,50
201013549,50
201013563,50
201013579,50
201013582,50
201013594,50
201013595,50
201013597,50
201013665,50
201013687,50
201013688,50
201013783,50
201021750,50
201021812,50
201080015,50
201080039,50
201080042,50
