CARNE,ZONA
8816786,72
8818125,70
199919107,72
200011847,72
200215903,72
200410530,72
200414065,72
200512358,72
200515232,72
200516160,71
200518107,71
200610616,72
200610621,70
200715463,72
200715528,72
200715765,72
200780043,70
200810495,72
200810590,72
200810599,70
200813109,72
200817640,71
200915823,72
200915854,72
200915988,71
200915995,72
200916096,72
200918192,72
200918196,72
200918257,71
200924182,71
201012302,71
201013353,72
201013442,70
201013475,72
201013477,70
201013479,72
201013591,72
201013609,70
201112041,71
201112094,71
201112131,71
201112136,71
201112170,70
201112194,72
201112200,71
201112233,71
201112274,70
201112278,70
201112291,71
201114635,70
201124099,71
201180038,71
201210557,70
201210563,70
201210565,70
201210602,72
201210650,70
201210675,70
201210681,70
201210695,70
201210702,70
201210706,70
201210709,70
201210710,70
201210715,70
201210718,72
201210739,70
201210742,70
201210754,71
201210756,70
201210773,70
201210778,72
201210783,70
201210794,70
201210834,70
201210882,72
201210905,72
201220328,70
201220335,72
201220354,72
201220425,70
201220445,72
201222437,70
201280028,70
