9410032,73
199910032,67
200110946,70
200313810,66
200413941,69
200512346,68
200512348,69
200515207,71
200515227,73
200610529,71
200610666,69
200614307,66
200614313,65
200614392,70
200614704,69
200619653,71
200715426,65
200715464,65
200715606,65
200715624,68
200715642,67
200715656,69
200715723,72
200810476,69
200810484,66
200810494,64
200810572,74
200817606,71
200817607,69
200817675,69
200817775,72
200915798,71
200915813,70
200915816,70
200915828,68
200915866,71
200915876,71
200915884,69
200915920,70
200915930,69
200915934,72
200915973,68
200916057,71
200916154,70
201013348,71
201013355,65
201013367,66
201013386,74
201013407,67
201013408,65
201013418,71
201013445,71
201013451,70
201013465,66
201013486,65
201013487,65
201013549,66
201013563,65
201013579,66
201013582,69
201013594,71
201013595,66
201013597,66
201013665,71
201013687,70
201013688,69
201013783,69
201021750,68
201021812,70
201080015,71
201080039,70
201080042,65
