Carné,Nota
200810395,11.25
200918240,9.75
201018868,0.0
201110486,12.75
201115035,12.75
201119372,12.75
201119731,0.0
201404665,12
201407565,12
201407958,7.5
201407962,13.5
201430945,12.75
201431578,11.25
201502837,11.25
201512721,12
201513358,13.5
201513467,12
201513804,12.75
201515481,14.25
201516851,10.5
201517011,9.75
201603309,12
201603318,15
201603320,9
201603327,11.25
201603330,11.25
201603371,10.5
201603373,12.25
201603374,12.75
201603375,12.75
201603378,12.75
201603384,12
201603417,13.5
201603418,10.5
201603419,12
201603437,12
201603438,11.25
201603441,13.5
201603450,12.75
201603472,12.25
201603480,11.5
201603483,13.5
201603489,10.5
201603490,12.75
201603493,12.75
201603506,13
201603509,11.25
201603510,9
201603513,12.75
201603517,12
201603523,11.25
201603524,11.25
201603531,11.25
201603532,12
201603535,0.0
201603543,10.5
201603545,9.75
201603548,12.75
201603555,9.75
201603568,11.25
201603570,9.75
201603574,9.75
201603578,12
201603589,12.75
201603610,12
201603613,12.75
201603635,11.25
201603637,6.75
201603685,9
201603713,0.0
201603717,11.25
201603720,12.75
201603727,12.75
201603738,11.25
201603750,11.25
201603814,12
201603819,11.25
201610725,14.25
201610816,9
201610840,10.5
201610852,14.25
201610853,11.25
201610855,11.25
201610883,11.25
201610903,10.5
201610904,6.75
201610933,14.25
201610971,11.25
201610984,12.75
201611025,12.25
201611085,12.75
201611217,12
201611248,13.5
201611263,11.25
201616798,11.25
201616799,10.5
201616801,0.0
201616802,12.75
201616839,12
201616869,11.5
201616983,11.25
201616993,12
201617082,10.5
201680025,12
201680043,11.25
201680044,11.25
,
