Carnet,Nota
201110486,8.25
201115035,11.25
201407565,8.25
201431578,11.25
201513358,11.25
201513804,8.25
201516851,9.75
201517011,7.5
201603309,8.25
201603318,9.75
201603327,8.25
201603330,6.75
201603371,6
201603373,10.5
201603374,10.5
201603375,12.75
201603378,10.5
201603384,9.75
201603417,9.75
201603418,8.25
201603419,8.25
201603437,7.5
201603438,6.75
201603441,12.75
201603450,6.75
201603472,6.75
201603480,7.5
201603483,6.75
201603489,10.5
201603490,7.5
201603493,10.5
201603506,7.5
201603509,12.75
201603510,10.5
201603531,11.25
201603532,9
201603545,8.25
201603727,12
201610725,9.75
201610816,9
201610904,6.75
201610971,12.75
201610984,9.75
201611085,5.25
201611217,7.5
201616798,8.25
201616799,9.75
201616801,0
201616802,9.75
201680025,10.5
201680043,12
201680044,9.75
200810395,12
200918240,4.5
201018868,10.5
201119372,11.25
201119731,10.5
201404665,10.5
201407958,9.75
201407962,9.75
201430945,9
201502837,7.5
201512721,11.25
201513467,8.25
201515481,11.25
201603320,7.5
201603513,11.25
201603517,11.25
201603523,9
201603524,9
201603535,6
201603543,8.25
201603548,9.75
201603555,9.75
201603568,6
201603570,12
201603574,9
201603578,8.25
201603589,11.25
201603610,9
201603613,11.25
201603635,10.5
201603637,6
201603685,9.75
201603713,10.5
201603717,11
201603720,5.25
201603738,7.5
201603750,10.5
201603814,6.75
201603819,6
201610840,8.25
201610852,11.5
201610853,11.25
201610855,10.5
201610883,6.75
201610903,9.75
201610933,9.75
201611025,6.75
201611248,5.25
201611263,10.5
201616839,9
201616869,9
201616983,10.5
201616993,8.25
201617082,9
,
,
,
,
