Carné,Nota
200810395,25
200918240,13
201018868,0
201110486,35
201115035,39
201119372,33
201119731,10
201404665,34
201407565,40
201407958,36
201407962,31
201430945,38
201431578,38
201502837,24
201512721,33
201513358,39
201513467,28
201513804,39
201515481,33
201516851,27
201517011,17
201603309,36
201603318,33
201603320,35
201603327,35
201603330,33
201603371,30.5
201603373,30.5
201603374,35
201603375,30.5
201603378,30.5
201603384,36
201603417,37.5
201603418,35
201603419,35
201603437,35.5
201603438,35.5
201603441,37.5
201603450,30.5
201603472,37.5
201603480,31.5
201603483,39
201603489,33
201603490,36
201603493,38
201603506,40
201603509,37.5
201603510,36
201603513,35
201603517,32
201603523,34
201603524,34
201603531,38
201603532,39
201603535,0
201603543,33
201603545,35.5
201603548,32
201603555,33
201603568,36
201603570,38
201603574,36
201603578,32
201603589,38
201603610,35
201603613,36
201603635,37
201603637,36
201603685,25
201603713,25
201603717,33
201603720,33
201603727,33
201603738,32
201603750,35
201603814,33
201603819,18
201610725,35.5
201610816,33
201610840,38
201610852,33
201610853,38
201610855,38
201610883,38
201610903,38
201610904,28
201610933,37
201610971,40
201610984,33.5
201611025,34
201611085,37.5
201611217,36
201611248,31
201611263,34
201616798,39
201616799,33
201616801,0
201616802,31.5
201616839,34
201616869,33
201616983,33
201616993,33
201617082,2
201680025,31
201680043,39
201680044,35.5
,
,
,
,
