Carnet,
199910871,52.61458333
200611665,58.5
200722421,54
200915965,53.91666667
201021501,0
201210074,55.125
201220014,58.75
201310142,57.375
201310625,57.41666667
201310641,56.25
201315049,63
201318553,0
201321738,57.89583333
201321744,53.39583333
201321823,52.64333333
201330970,60.375
201340439,55.95833333
201345055,55.64583333
201400524,52.95833333
201400525,56.66666667
201400686,10.5
201400787,64.33333333
201404042,57.375
201407939,3.166666667
201407942,56.625
201407958,0
201407962,9.333333333
201407994,47.22916667
201408075,0
201408142,56.83333333
201408184,50.39583333
201408747,55.64583333
201411974,54.375
201413685,44.08333333
201415299,52.5
201501353,62.95833333
201502799,64.45833333
201502800,44.08333333
201502802,61.75
201502807,60.77083333
201502813,58.16666667
201502816,65.20833333
201502824,63.25
201502826,59.5
201502831,65.27083333
201502840,62.5
201502842,64
201502852,55.125
201502862,61.95833333
201502866,51.5625
201502869,62.95833333
201502872,57.4375
201502877,65.20833333
201502878,61.95833333
201502882,61.95833333
201502884,56.8125
201502885,62.27083333
201502887,57
201502891,55.5
201502895,62.95833333
201502907,66.70833333
201502908,52.875
201502915,55.52083333
201502927,57
201502931,58.52083333
201502934,55.9375
201502936,57.45833333
201502954,61.875
201502975,59.95833333
201502976,59.8125
201502979,56.20833333
201502990,56.625
201502993,66.77083333
201503001,59.66666667
201503005,64.52083333
201503007,64.52083333
201503008,63.25
201503033,65.20833333
201503040,60.70833333
201503041,62.95833333
201503043,56.25
201503044,60.45833333
201503051,62.20833333
201503071,62.27083333
201503072,53.6875
201503073,60.41666667
201503078,57.375
201503080,61.16666667
201503087,49.875
201503095,58.91666667
201503098,61.3125
201503099,58.16666667
201503120,58.3125
201503146,62.5
201503175,56.66666667
201503184,60.4375
201503209,62.95833333
201503236,56.0625
201503245,56.47916667
201503250,56.8125
201503251,57.41666667
201503263,57.41666667
201503265,55.16666667
201503267,60.02083333
201503271,47.14583333
201503293,61.16666667
201503294,60.70833333
201503323,53.25
201503324,59.8125
201503334,53.625
201503339,62.27083333
201503348,58.20833333
201503359,60.77083333
201513211,60.77083333
201513228,63.70833333
201513238,58.16666667
201513240,57.77083333
201513241,59.27083333
201513247,60.77083333
201513248,59.66666667
201513275,52.875
201513276,55.125
201513286,57.70833333
201513315,63.77083333
201513331,60
201513338,62.39583333
201513341,58.875
201513372,53.66666667
201513376,18.5
201513411,53.625
201513418,63.25
201513468,46.125
201513483,59.70833333
201513487,66.25
201513551,58.875
201513561,55.125
201516851,21.75
201516923,59.95833333
201516986,54.41666667
201517011,6.5
201580020,62.20833333
201580036,59.39583333
201580037,56.8125
