CARNET,TOTAL
200810395,33
201110486,50
201112222,0
201115035,60
201119372,42
201119731,14
201318384,47
201400465,7
201404665,53
201407565,30
201407958,57
201407994,44
201408142,47
201408747,51
201413680,42
201415299,44
201430945,42
201431578,59
201502837,42
201502866,51
201503071,53
201503072,38
201503175,42
201503245,20
201503271,47
201503323,22
201512721,52
201513211,39
201513238,50
201513358,61
201513467,14
201513804,55
201515481,61
201603309,46
201603318,63
201603320,44
201603327,51
201603330,54
201603371,48
201603373,60
201603374,60
201603375,65
201603378,50
201603384,57
201603417,52
201603418,51
201603419,57
201603437,54
201603438,52
201603441,52
201603450,53
201603472,49
201603480,60
201603483,58
201603489,58
201603490,52
201603493,55
201603506,47
201603509,55
201603510,59
201603511,9
201603513,56
201603517,59
201603523,53
201603524,49
201603531,57
201603532,61
201603543,54
201603545,43
201603548,61
201603555,54
201603568,49
201603570,54
201603574,51
201603578,52
201603589,57
201603610,52
201603613,52
201603635,53
201603637,45
201603685,45
201603713,34
201603717,59
201603720,55
201603727,46
201603738,55
201603750,55
201603814,54
201603819,44
201610725,55
201610816,57
201610840,57
201610852,59
201610853,61
201610855,61
201610883,53
201610903,53
201610933,64
201610971,48
201611025,51
201611085,37
201611217,54
201611248,47
201611263,45
201616798,53
201616799,52
201616801,4
201616802,63
201616839,50
201616869,57
201616983,56
201616993,53
201680025,54
201680043,58
201680044,51
