200722421,12.9
200915940,12.6
200916276,12.3
200918241,8.3
201112052,12.9
201117060,13.7
201210074,14.1
201210625,12.9
201210711,10.0
201220014,13.6
201220324,12.4
201310142,14.0
201310529,13.2
201310645,12.4
201310674,13.1
201310710,12.8
201315049,11.2
201318153,10.8
201318186,11.4
201321726,11.7
201321738,12.4
201321745,13.7
201321749,12.7
201321802,15.0
201322312,14.0
201330970,12.5
201345055,12.2
201400370,14.5
201400410,12.2
201400427,11.3
201400434,13.5
201400459,13.1
201400460,13.1
201400485,13.3
201400525,13.1
201400553,12.2
201400600,13.1
201400700,12.0
201400715,13.4
201407923,13.9
201407941,13.7
201407942,13.9
201407980,13.4
201407992,12.7
201408040,13.2
201408058,12.6
201408066,12.8
201408087,12.5
201408184,11.9
201408248,11.4
201411974,13.0
201415512,12.9
201480044,12.7
201501353,12.2
201502799,13.6
201502800,13.8
201502802,13.2
201502807,13.3
201502816,12.8
201502824,13.8
201502826,13.3
201502840,13.6
201502842,13.2
201502862,13.0
201502869,14.3
201502877,13.4
201502878,11.9
201502882,13.8
201502884,14.0
201502887,12.0
201502891,14.0
201502907,14.5
201502908,13.6
201502915,13.7
201502927,13.9
201502931,13.0
201502934,13.0
201502936,13.4
201502954,13.9
201502976,13.6
201502979,13.1
201502990,13.2
201502993,13.3
201503001,13.1
201503005,14.0
201503007,14.5
201503033,13.8
201503040,12.8
201503041,14.4
201503043,12.9
201503044,13.7
201503051,14.8
201503073,12.8
201503078,14.3
201503080,13.5
201503095,12.6
201503098,14.6
201503099,11.8
201503146,12.8
201503184,13.0
201503209,11.2
201503236,13.5
201503250,12.6
201503263,13.4
201503265,12.4
201503267,12.1
201503293,11.8
201503294,14.1
201503324,14.2
201503339,14.9
201513228,13.7
201513247,13.1
201513248,14.1
201513275,14.2
201513276,13.6
201513286,14.3
201513315,13.9
201513331,13.9
201513338,12.5
201513411,14.4
201513418,12.5
201513468,12.6
201513483,12.8
201513487,13.3
201513551,14.0
201513561,13.9
201516923,14.4
201580020,14.0
201580036,12.4
201580037,11.9
