9180015,9
200515425,2
200717835,11
200830845,4
200910790,9
200915940,6
200942698,11
201013480,12
201013758,6
201013776,11
201021759,12
201025011,9
201110186,12
201112052,8
201112176,0
201112330,11
201117060,5
201119229,7
201210405,12
201210540,11
201210552,7
201210625,8
201210639,2
201210670,9
201210707,9
201210711,6
201210748,0
201210764,10
201210779,9
201210858,13
201210909,7
201214921,13
201220324,0
201220325,9
201310529,12
201310538,13
201310569,9
201310602,4
201310640,10
201310644,14
201310674,5
201310691,4
201310706,12
201310709,4
201310710,8
201310715,14
201315397,9
201318161,11
201318166,10
201318180,12
201318183,7
201318186,4
201318227,4
201318267,8
201318281,9
201318304,10
201318322,10
201318467,6
201321726,9
201321733,8
201321741,10
201321745,5
201321746,11
201321747,10
201321775,14
201321804,12
201322103,15
201400364,8
201400366,11
201400373,14
201400383,11
201400384,10
201400385,15
201400389,12
201400397,9
201400427,8
201400435,9
201400438,10
201400440,2
201400441,7
201400449,14
201400458,12
201400463,11
201400468,15
201400470,15
201400497,7
201400499,11
201400508,12
201400523,5
201400528,14
201400535,12
201400537,12
201400541,10
201400552,7
201400557,12
201400562,10
201400580,15
201400584,9
201400606,12
201400634,13
201400651,11
201400654,11
201400661,12
201400673,9
201400680,11
201400683,5
201400685,13
201400691,10
201400708,6
201400756,10
201400785,12
201400788,12
201400807,0
201407914,10
201407927,8
201407938,4
201407943,11
201407955,11
201407959,7
201407970,15
201407984,7
201407988,8
201408038,10
201413001,12
201413715,12
201480044,1
