200722421,4.7
200915940,2.9
200916276,3.5
200918241,2.2
201112052,4.7
201117060,3.9
201210074,8.3
201210625,3.6
201210711,2.2
201220014,5.6
201220324,1.9
201310142,6.3
201310529,5.2
201310645,3.3
201310674,4.3
201310710,4.7
201315049,8.0
201318153,2.6
201318186,3.5
201321726,4.9
201321738,5.7
201321745,2.2
201321749,2.2
201321802,3.4
201322312,5.5
201330970,5.3
201345055,6.1
201400370,2.8
201400410,4.3
201400427,1.3
201400434,5.0
201400459,5.3
201400460,3.3
201400485,4.7
201400525,5.5
201400553,2.4
201400600,3.3
201400700,5.8
201400715,5.9
201407923,4.1
201407941,4.0
201407942,4.7
201407980,3.9
201407992,3.7
201408040,4.7
201408058,2.0
201408066,3.6
201408087,5.7
201408184,6.5
201408248,7.8
201411974,3.4
201415512,4.4
201480044,5.2
201501353,4.6
201502799,5.7
201502800,3.2
201502802,4.3
201502807,4.5
201502816,3.8
201502824,5.1
201502826,5.5
201502840,3.6
201502842,6.0
201502862,9.0
201502869,9.3
201502877,8.2
201502878,4.7
201502882,8.5
201502884,7.3
201502887,5.1
201502891,7.8
201502907,8.3
201502908,6.7
201502915,4.3
201502927,4.8
201502931,6.8
201502934,6.5
201502936,4.8
201502954,5.5
201502976,5.6
201502979,4.2
201502990,4.9
201502993,6.5
201503001,5.3
201503005,6.9
201503007,6.8
201503033,4.3
201503040,3.5
201503041,7.0
201503043,5.3
201503044,7.4
201503051,8.1
201503073,3.7
201503078,4.7
201503080,5.7
201503095,4.8
201503098,6.2
201503099,3.5
201503146,5.8
201503184,3.1
201503209,6.2
201503236,5.8
201503250,7.6
201503263,6.2
201503265,4.6
201503267,6.1
201503293,2.9
201503294,4.4
201503324,4.8
201503339,6.3
201513228,6.8
201513247,5.8
201513248,4.0
201513275,4.3
201513276,2.3
201513286,5.7
201513315,7.9
201513331,6.0
201513338,8.5
201513411,8.7
201513418,4.2
201513468,5.7
201513483,6.2
201513487,5.8
201513551,5.0
201513561,1.4
201516923,5.4
201580020,7.7
201580036,8.2
201580037,9.5
