199910871,0.1
200722421,12
200915940,12.6
200916276,8.6
200918241,10.7
201112052,9.9
201117060,14
201210074,14.6
201210625,3.5
201210711,11.4
201220014,12.2
201220324,6.2
201310142,13.4
201310529,13.7
201310645,12.3
201310674,11.1
201310710,12.9
201315049,14.1
201318153,5.7
201318186,11.7
201321726,9.5
201321738,14.3
201321745,12.9
201321749,9.3
201321802,12.3
201322312,11
201330970,12.6
201345055,12.8
201400370,8.7
201400410,11.6
201400427,9.6
201400434,12.6
201400459,10.5
201400460,10.2
201400485,7.1
201400525,11
201400553,11
201400600,9.5
201400700,11.4
201400715,11.4
201407923,10.1
201407941,11.7
201407942,9.6
201407980,9.2
201407992,8.3
201408040,8.4
201408058,9.8
201408066,12
201408087,11.7
201408184,12
201408248,10.2
201411974,13.5
201415512,9.6
201480044,10.2
201501353,13.1
201502799,12.9
201502800,11.3
201502802,13.7
201502807,13.5
201502816,14.4
201502824,14.1
201502826,10.1
201502840,13.7
201502842,10.5
201502862,13.7
201502869,14.6
201502877,14
201502878,8.3
201502882,11.1
201502884,12.2
201502887,12.5
201502891,12.5
201502907,14.1
201502908,13.2
201502915,8.4
201502927,13.4
201502931,13.1
201502934,13.8
201502936,12.2
201502954,13.8
201502976,14.9
201502979,11.1
201502990,12.8
201502993,13.4
201503001,13.7
201503005,14.7
201503007,14
201503033,11.1
201503040,12.6
201503041,14.6
201503043,13.1
201503044,14.9
201503051,13.5
201503073,12.6
201503078,14.1
201503080,12
201503095,12.9
201503098,13.1
201503099,11.3
201503120,0.05
201503146,12.6
201503184,11.9
201503209,11.6
201503236,12.6
201503250,11.4
201503263,11.9
201503265,11.4
201503267,12.5
201503293,10.5
201503294,12.8
201503324,12
201503339,12.9
201513228,13.8
201513247,12.5
201513248,13.7
201513275,13.2
201513276,11.3
201513286,11.7
201513315,11.7
201513331,12.2
201513338,13.2
201513411,12.9
201513418,12.9
201513468,11
201513483,13.1
201513487,12.3
201513551,13.8
201513561,13.4
201516923,13.5
201580020,12.6
201580036,14
201580037,12.8
