201210721;10
201211987;12
201220324;12
201318294;10
201318384;11
201321744;12
201321749;12
201325590;13
201400379;9
201400664;12
201400711;11
201404665;13
201407992;13
201408142;9
201413622;11
201413680;9
201415512;7
201431578;14
201502852;11
201502872;8
201503334;11
201503359;12
201512721;14
201513238;12
201513240;12
201513241;12
201513341;12
201513358;14
201515481;14
201516851;8
201603318;14
201603373;11
201603374;14
201603375;12
201603378;12
201603384;11
201603417;13
201603419;13
201603437;11
201603441;13
201603450;12
201603472;13
201603480;14
201603483;13
201603489;11
201603493;14
201603506;13
201603509;14
201603510;13
201603513;13
201603517;14
201603523;11
201603531;13
201603532;14
201603543;14
201603548;13
201603570;13
201603574;12
201603578;11
201603589;13
201603610;14
201603635;11
201603717;14
201603720;13
201603738;12
201603750;13
201603814;13
201610725;12
201610816;10
201610852;14
201610853;13
201610855;14
201610869;14
201610883;11
201610903;13
201610933;12
201610971;14
201611217;12
201611263;13
201616802;13
201616839;10
201616869;12
201616983;11
201616993;7
201680025;11
201680043;14
201680044;13
