200722421,8.7
200915940,5.4
200916276,4.7
200918241,1.8
201112052,5.6
201117060,6.5
201210074,9.0
201210625,5.7
201210711,8.7
201220014,3.8
201220324,1.2
201310142,8.0
201310529,9.8
201310645,6.9
201310674,3.6
201310710,5.7
201315049,9.5
201318153,10.0
201318186,6.8
201321726,6.5
201321738,7.7
201321745,3.2
201321749,4.7
201321802,6.0
201322312,6.3
201330970,10.7
201345055,3.1
201400370,8.4
201400410,4.1
201400427,8.1
201400434,8.3
201400459,7.2
201400460,5.4
201400485,6.5
201400525,3.5
201400553,3.9
201400600,6.9
201400700,8.6
201400715,6.9
201407923,2.9
201407941,6.1
201407942,8.4
201407980,7.7
201407992,5.7
201408040,8.9
201408058,3.9
201408066,8.3
201408087,5.6
201408184,7.1
201408248,7.4
201411974,8.6
201415512,2.9
201480044,7.1
201501353,4.8
201502799,11.9
201502800,2.3
201502802,8.0
201502807,5.9
201502816,8.0
201502824,9.0
201502826,3.9
201502840,6.8
201502842,7.5
201502862,10.1
201502869,9.6
201502877,7.4
201502878,7.4
201502882,7.2
201502884,3.8
201502887,8.7
201502891,9.0
201502907,6.8
201502908,6.9
201502915,3.2
201502927,4.7
201502931,10.1
201502934,9.0
201502936,7.5
201502954,6.3
201502976,9.8
201502979,4.1
201502990,8.1
201502993,7.2
201503001,3.0
201503005,5.7
201503007,12.0
201503033,7.1
201503040,6.9
201503041,8.0
201503043,6.2
201503044,12.8
201503051,10.2
201503073,6.8
201503078,8.1
201503080,5.9
201503095,10.5
201503098,11.3
201503099,7.8
201503146,8.4
201503184,3.8
201503209,7.7
201503236,11.4
201503250,8.6
201503263,5.9
201503265,9.3
201503267,6.0
201503293,3.3
201503294,6
201503324,3.3
201503339,6.3
201513228,8.7
201513247,2.7
201513248,7.8
201513275,6.2
201513276,4.5
201513286,7.1
201513315,7.4
201513331,3.8
201513338,4.7
201513411,6.8
201513418,5.3
201513468,5.7
201513483,4.4
201513487,8.7
201513551,11.9
201513561,8.7
201516923,13.2
201580020,8.9
201580036,6.3
201580037,10.5
