201210721;3.15
201211987;2.25
201220324;2.1
201318294;0
201318384;8.1
201321744;3.45
201321749;9
201325590;10.5
201400379;3.45
201400664;2.25
201400711;4.2
201404665;9
201407992;2.25
201408142;4.05
201413622;5.55
201413680;2.7
201415512;3.9
201431578;5.25
201502852;3.45
201502872;0.9
201503334;3.45
201503359;9.75
201512721;4.5
201513238;6.45
201513240;6
201513241;4.95
201513341;3.3
201513358;4.8
201515481;7.2
201516851;9
201603318;4.8
201603373;6.75
201603374;8.7
201603375;6.45
201603378;6.3
201603384;5.7
201603417;4.8
201603419;5.7
201603437;4.35
201603441;4.2
201603450;8.7
201603472;4.2
201603480;6.75
201603483;3.9
201603489;6.6
201603493;7.8
201603506;4.2
201603509;5.7
201603510;6.9
201603513;3.6
201603517;9
201603523;5.55
201603531;9.9
201603532;5.55
201603543;8.4
201603548;12
201603570;6.45
201603574;6.75
201603578;5.25
201603589;5.1
201603610;4.5
201603635;8.25
201603717;6
201603720;4.95
201603738;4.5
201603750;11.55
201603814;7.95
201610725;5.7
201610816;3.75
201610852;10.95
201610853;6.9
201610855;6
201610869;11.25
201610883;4.65
201610903;1.8
201610933;10.5
201610971;5.7
201611217;5.7
201611263;7.35
201616802;7.2
201616839;3.9
201616869;5.7
201616983;6.75
201616993;5.55
201680025;5.55
201680043;6.9
201680044;4.95
