9180015,4
200515425,2
200717835,5
200830845,5
200910790,3
200915940,5
200942698,4
201013480,3
201013758,4
201013776,4
201021759,4
201025011,4
201110186,4
201112052,6
201112176,2
201112330,4
201117060,4
201119229,6
201210405,5
201210540,3
201210552,5
201210625,4
201210639,3
201210670,2
201210707,5
201210711,3
201210748,2
201210764,4
201210779,6
201210858,3
201210909,5
201214921,5
201220324,1
201220325,4
201310529,3
201310538,6
201310569,4
201310602,5
201310640,5
201310644,7
201310674,6
201310691,3
201310706,4
201310709,7
201310710,3
201310715,4
201315397,4
201318161,3
201318166,8
201318180,3
201318183,2
201318186,2
201318227,5
201318267,3
201318281,5
201318304,5
201318322,3
201318467,5
201321726,3
201321733,2
201321741,4
201321745,3
201321746,3
201321747,1
201321775,1
201321804,4
201322103,5
201400364,7
201400366,2
201400373,6
201400383,5
201400384,3
201400385,8
201400389,2
201400397,6
201400427,1
201400435,3
201400438,3
201400440,5
201400441,4
201400449,3
201400458,3
201400463,3
201400468,5
201400470,8
201400497,4
201400499,5
201400508,6
201400523,5
201400528,5
201400535,8
201400537,6
201400541,6
201400552,5
201400557,4
201400562,4
201400580,7
201400584,5
201400606,4
201400634,7
201400651,5
201400654,3
201400661,6
201400673,6
201400680,6
201400683,3
201400685,3
201400691,3
201400708,5
201400756,2
201400785,5
201400788,5
201400807,0
201407914,3
201407927,4
201407938,6
201407943,3
201407955,8
201407959,6
201407970,5
201407984,3
201407988,5
201408038,3
201413001,7
201413715,7
201480044,0
