201210721;4
201211987;7
201220324;8
201318294;2
201318384;6
201321744;9
201321749;8
201325590;10
201400379;6
201400664;5
201400711;7
201404665;8
201407992;9
201408142;7
201413622;2
201413680;6
201415512;9
201431578;8
201502852;8
201502872;6
201503334;5
201503359;7
201512721;10
201513238;5
201513240;7
201513241;9
201513341;5
201513358;7
201515481;9
201516851;4
201603318;6
201603373;7
201603374;9
201603375;7
201603378;8
201603384;2
201603417;8
201603419;9
201603437;8
201603441;7
201603450;8
201603472;8
201603480;5
201603483;6
201603489;5
201603493;5
201603506;8
201603509;8
201603510;5
201603513;7
201603517;7
201603523;8
201603531;8
201603532;7
201603543;10
201603548;7
201603570;9
201603574;6
201603578;7
201603589;8
201603610;7
201603635;9
201603717;7
201603720;5
201603738;7
201603750;8
201603814;7
201610725;7
201610816;8
201610852;10
201610853;10
201610855;7
201610869;7
201610883;7
201610903;6
201610933;8
201610971;9
201611217;5
201611263;4
201616802;6
201616839;8
201616869;2
201616983;5
201616993;5
201680025;5
201680043;10
201680044;7
