9180015,9
200515425,7
200717835,14
200830845,9
200910790,10
200915940,7
200942698,12
201013480,9
201013758,9
201013776,10
201021759,8
201025011,11
201110186,10
201112052,8
201112176,13
201112330,12
201117060,9
201119229,14
201210405,11
201210540,10
201210552,13
201210625,8
201210639,11
201210670,10
201210707,11
201210711,11
201210748,7
201210764,7
201210779,13
201210858,11
201210909,12
201214921,12
201220324,5
201220325,10
201310529,13
201310538,10
201310569,8
201310602,10
201310640,10
201310644,11
201310674,11
201310691,7
201310706,10
201310709,12
201310710,8
201310715,11
201315397,11
201318161,9
201318166,12
201318180,10
201318183,11
201318186,8
201318227,9
201318267,8
201318281,13
201318304,12
201318322,11
201318467,11
201321726,8
201321733,11
201321741,11
201321745,7
201321746,7
201321747,10
201321775,7
201321804,8
201322103,11
201400364,12
201400366,7
201400373,11
201400383,11
201400384,11
201400385,10
201400389,13
201400397,10
201400427,8
201400435,12
201400438,14
201400440,7
201400441,7
201400449,11
201400458,10
201400463,11
201400468,10
201400470,12
201400497,12
201400499,14
201400508,11
201400523,11
201400528,9
201400535,10
201400537,11
201400541,10
201400552,10
201400557,15
201400562,10
201400580,14
201400584,13
201400606,15
201400634,11
201400651,13
201400654,8
201400661,13
201400673,9
201400680,10
201400683,10
201400685,9
201400691,9
201400708,11
201400756,11
201400785,12
201400788,9
201400807,0
201407914,11
201407927,13
201407938,8
201407943,10
201407955,12
201407959,10
201407970,13
201407984,9
201407988,6
201408038,10
201413001,9
201413715,10
201480044,7
