9180015,6
200515425,0
200717835,9
200830845,6
200910790,9
200915940,9
200942698,9
201013480,9
201013758,11
201013776,10
201021759,10
201025011,8
201110186,11
201112052,5
201112176,5
201112330,5
201117060,9
201119229,10
201210405,10
201210540,9
201210552,9
201210625,7
201210639,9
201210670,10
201210707,9
201210711,7
201210748,10
201210764,8
201210779,10
201210858,9
201210909,9
201214921,10
201220324,9
201220325,9
201310529,6
201310538,9
201310569,9
201310602,9
201310640,9
201310644,9
201310674,9
201310691,10
201310706,10
201310709,9
201310710,9
201310715,9
201315397,9
201318161,8
201318166,10
201318180,9
201318183,9
201318186,10
201318227,10
201318267,8
201318281,8
201318304,10
201318322,10
201318467,11
201321726,9
201321733,8
201321741,9
201321745,10
201321746,8
201321747,10
201321775,9
201321804,9
201322103,10
201400364,9
201400366,10
201400373,10
201400383,10
201400384,10
201400385,9
201400389,11
201400397,9
201400427,8
201400435,10
201400438,9
201400440,9
201400441,10
201400449,9
201400458,11
201400463,10
201400468,11
201400470,11
201400497,9
201400499,9
201400508,9
201400523,9
201400528,9
201400535,8
201400537,8
201400541,10
201400552,11
201400557,9
201400562,11
201400580,10
201400584,11
201400606,11
201400634,11
201400651,10
201400654,11
201400661,8
201400673,11
201400680,11
201400683,10
201400685,10
201400691,9
201400708,11
201400756,11
201400785,9
201400788,9
201400807,0
201407914,10
201407927,5
201407938,11
201407943,11
201407955,9
201407959,10
201407970,10
201407984,9
201407988,9
201408038,11
201413001,10
201413715,11
201480044,7
