200722421,14.9
200915940,11.6
200916276,14.3
200918241,11.6
201112052,11.9
201117060,14.0
201210074,14.2
201210625,11.9
201210711,11.6
201220014,14.3
201220324,14.3
201310142,14.4
201310529,13.4
201310645,14.6
201310674,14.5
201310710,14.5
201315049,12.8
201318153,11.6
201318186,14.3
201321726,14.3
201321738,14.3
201321745,14.5
201321749,13.1
201321802,14.3
201322312,14.3
201330970,14.7
201345055,14.1
201400370,13.9
201400410,14.6
201400427,14.0
201400434,12.4
201400459,14.3
201400460,14.3
201400485,14.3
201400525,14.1
201400553,14.6
201400600,13.9
201400700,14.3
201400715,14.3
201407923,14.2
201407941,14.3
201407942,14.7
201407980,14.6
201407992,13.9
201408040,14.3
201408058,14.3
201408066,14.3
201408087,13.9
201408184,14.0
201408248,14.6
201411974,14.4
201415512,14.6
201480044,15.0
201501353,14.4
201502799,14.8
201502800,13.7
201502802,14.3
201502807,13.7
201502816,12.7
201502824,14.3
201502826,13.5
201502840,13.5
201502842,14.3
201502862,14.6
201502869,13.4
201502877,14.8
201502878,14.6
201502882,14.6
201502884,15.0
201502887,12.8
201502891,12.8
201502907,13.4
201502908,14.4
201502915,13.5
201502927,12.8
201502931,13.5
201502934,14.3
201502936,14.2
201502954,14.7
201502976,14.1
201502979,14.4
201502990,14.7
201502993,14.4
201503001,14.1
201503005,13.1
201503007,14.4
201503033,14.8
201503040,14.8
201503041,11.9
201503043,13.2
201503044,15.0
201503051,14.4
201503073,14.9
201503078,14.7
201503080,14.9
201503095,14.1
201503098,14.1
201503099,14.6
201503146,13.5
201503184,14.4
201503209,14.2
201503236,14.1
201503250,14.1
201503263,11.9
201503265,14.6
201503267,14.4
201503293,14.3
201503294,14.3
201503324,14.1
201503339,13.7
201513228,14.8
201513247,13.7
201513248,12.8
201513275,14.5
201513276,15.0
201513286,13.3
201513315,13.7
201513331,13.3
201513338,14.1
201513411,14.5
201513418,13.5
201513468,14.8
201513483,14.6
201513487,12.0
201513551,14.9
201513561,14.4
201516923,14.2
201580020,13.3
201580036,14.3
201580037,15.0
