9180015,12
200515425,6
200717835,16
200830845,14
200910790,15
200915940,14
200942698,15
201013480,15
201013758,12
201013776,11
201021759,13
201025011,15
201110186,16
201112052,14
201112176,4
201112330,16
201117060,14
201119229,17
201210405,14
201210540,14
201210552,14
201210625,13
201210639,14
201210670,15
201210707,17
201210711,13
201210748,15
201210764,16
201210779,11
201210858,15
201210909,15
201214921,14
201220324,16
201220325,16
201310529,10
201310538,16
201310569,16
201310602,16
201310640,16
201310644,16
201310674,14
201310691,15
201310706,14
201310709,14
201310710,15
201310715,14
201315397,17
201318161,13
201318166,16
201318180,14
201318183,15
201318186,15
201318227,14
201318267,13
201318281,13
201318304,17
201318322,15
201318467,16
201321726,14
201321733,15
201321741,15
201321745,15
201321746,15
201321747,15
201321775,15
201321804,15
201322103,17
201400364,14
201400366,14
201400373,17
201400383,17
201400384,16
201400385,16
201400389,16
201400397,14
201400427,16
201400435,16
201400438,16
201400440,15
201400441,15
201400449,16
201400458,15
201400463,16
201400468,15
201400470,14
201400497,17
201400499,16
201400508,16
201400523,16
201400528,15
201400535,16
201400537,16
201400541,14
201400552,14
201400557,17
201400562,15
201400580,14
201400584,13
201400606,15
201400634,16
201400651,15
201400654,16
201400661,16
201400673,16
201400680,16
201400683,16
201400685,16
201400691,16
201400708,16
201400756,14
201400785,14
201400788,16
201400807,7
201407914,15
201407927,16
201407938,16
201407943,15
201407955,16
201407959,16
201407970,15
201407984,16
201407988,16
201408038,15
201413001,14
201413715,14
201480044,8
