9180015,9
200717835,12
200910790,9
200942698,12
201013480,11
201013758,6
201025011,8
201110186,14
201112330,8
201119229,9
201210405,12
201210540,6
201210552,12
201210639,0
201210670,11
201210764,9
201210779,0
201210858,11
201210909,6
201214921,12
201220380,9
201310538,0
201310569,0
201310640,12
201310644,5
201310691,11
201310706,11
201310709,8
201310715,8
201315397,9
201318161,9
201318166,11
201318180,11
201318281,8
201318322,7
201318467,9
201321733,8
201321741,11
201321746,9
201321747,0
201321804,9
201322103,11
201400364,14
201400366,13
201400373,13
201400383,14
201400384,13
201400385,14
201400389,8
201400397,9
201400435,9
201400440,11
201400441,8
201400449,12
201400458,14
201400463,8
201400468,8
201400470,14
201400497,9
201400499,12
201400508,8
201400523,14
201400528,9
201400535,14
201400537,9
201400541,8
201400552,14
201400557,11
201400562,11
201400580,12
201400584,14
201400606,9
201400634,9
201400651,14
201400654,12
201400659,0
201400661,12
201400673,6
201400680,11
201400683,6
201400685,11
201400691,8
201400708,13
201400756,8
201400785,11
201400788,13
201407914,6
201407943,11
201407955,5
201407959,11
201407970,0
201407984,11
201407988,11
201408038,8
201413001,11
201413715,9
