200080030,0.00
200313601,3.00
200910572,9.00
200916076,12.00
201013517,9.00
201013765,12.00
201018707,15.00
201020026,11.00
201112192,11.00
201210553,15.00
201210617,13.00
201210629,11.00
201210665,14.00
201210672,12.00
201210680,14.00
201210740,14.00
201210758,12.00
201210772,13.00
201210823,14.00
201210912,14.00
201214713,12.00
201220212,13.00
201220265,12.00
201220380,12.00
201245563,10.00
201310522,12.00
201310523,14.00
201310526,12.00
201310541,11.00
201310551,9.00
201310562,12.00
201310564,13.00
201310566,13.00
201310567,14.00
201310568,15.00
201310571,14.00
201310575,10.00
201310594,12.00
201310596,15.00
201310599,9.00
201310612,14.00
201310613,13.00
201310614,12.00
201310621,12.00
201310624,12.00
201310629,12.00
201310630,11.00
201310639,10.00
201310648,13.00
201310654,14.00
201310657,12.00
201310667,12.00
201310669,13.00
201310670,13.00
201310673,11.00
201310676,15.00
201310682,12.00
201310687,12.00
201310688,13.00
201310697,14.00
201310699,12.00
201310700,14.00
201310703,12.00
201318169,12.00
201318211,12.00
201318215,14.00
201318218,12.00
201318284,10.00
201318347,9.00
201318376,13.00
201318470,14.00
201321724,11.00
201321729,9.00
201321734,14.00
201321740,12.00
201380007,14.00
201380027,13.00
201380041,14.00
