Carnet,Nota
200722421,10
200916276,8
201112052,8
201117060,7
201210074,10
201210779,8
201220014,11
201220325,11
201310142,11
201310529,10
201310602,12
201310645,11
201310674,11
201310710,11
201315049,9
201318183,8
201318186,8
201318304,13
201321726,8
201321738,7
201321745,0
201321802,9
201322312,8
201330970,11
201345055,11
201400370,8
201400427,6
201400434,8
201400438,8
201400459,8
201400460,8
201400485,8
201400525,11
201400600,8
201400700,14
201400715,11
201407923,9
201407927,7
201407941,2
201407942,8
201407980,5
201408040,9
201408058,11
201408066,9
201408087,10
201408184,7
201408248,5
201411974,12
201480044,11
201501353,12
201502800,8
201502802,9
201502807,11
201502816,11
201502824,10
201502826,11
201502840,12
201502842,12
201502862,11
201502869,13
201502877,12
201502878,8
201502882,11
201502884,11
201502891,10
201502907,12
201502908,10
201502915,10
201502927,11
201502931,11
201502934,7
201502936,11
201502954,11
201502976,13
201502979,9
201502990,11
201502993,11
201503001,8
201503005,12
201503007,12
201503033,13
201503040,9
201503041,11
201503043,8
201503044,14
201503051,11
201503073,12
201503078,10
201503080,12
201503095,12
201503098,12
201503099,8
201503146,12
201503184,11
201503209,7
201503236,6
201503250,8
201503263,9
201503265,10
201503267,11
201503293,8
201503294,10
201503324,13
201503339,10
201513228,14
201513247,11
201513248,11
201513275,10
201513276,11
201513286,12
201513315,12
201513331,8
201513338,12
201513411,11
201513418,11
201513487,11
201513551,11
201513561,9
201516923,10
201580020,9
201580036,10
201580037,14
