9180015,12
200717835,10
200910790,11
200942698,13
201013480,13
201013758,13
201025011,10
201110186,13
201112330,11
201119229,13
201210405,11
201210540,13
201210552,13
201210639,13
201210670,13
201210764,10
201210779,6
201210858,13
201210909,13
201214921,10
201220380,10
201310538,13
201310569,13
201310640,13
201310644,11
201310691,11
201310706,13
201310709,13
201310715,13
201315397,13
201318161,13
201318166,10
201318180,13
201318281,13
201318322,13
201318467,13
201321733,13
201321741,10
201321746,13
201321747,10
201321804,11
201322103,13
201400364,13
201400366,13
201400373,13
201400383,13
201400384,13
201400385,13
201400389,10
201400397,13
201400435,13
201400440,13
201400441,13
201400449,13
201400458,13
201400463,10
201400468,13
201400470,10
201400497,10
201400499,13
201400508,13
201400523,10
201400528,13
201400535,11
201400537,13
201400541,13
201400552,13
201400557,10
201400562,10
201400580,13
201400584,13
201400606,11
201400634,13
201400651,13
201400654,13
201400659,2
201400661,13
201400673,13
201400680,13
201400683,7
201400685,10
201400691,13
201400708,13
201400756,13
201400785,10
201400788,13
201407914,13
201407943,13
201407955,10
201407959,13
201407970,10
201407984,13
201407988,10
201408038,11
201413001,13
201413715,13
