200722421,11
200916276,10
201112052,11
201117060,8
201210074,10
201210779,8
201220014,12
201220325,10
201310142,10
201310529,10
201310602,12
201310645,11
201310674,10
201310710,10
201315049,11
201318183,10
201318186,8
201318304,10
201321726,10
201321738,15
201321745,10
201321802,9
201322312,12
201330970,10
201345055,9
201400370,12
201400427,10
201400434,12
201400438,8
201400459,12
201400460,8
201400485,10
201400525,11
201400600,12
201400700,12
201400715,12
201407923,10
201407927,8
201407941,12
201407942,10
201407980,9
201408040,10
201408058,12
201408066,10
201408087,12
201408184,12
201408248,13
201411974,10
201480044,12
201501353,10
201502800,13
201502802,12
201502807,13
201502816,12
201502824,12
201502826,12
201502840,12
201502842,10
201502862,10
201502869,9
201502877,11
201502878,10
201502882,10
201502884,14
201502891,12
201502907,9
201502908,10
201502915,10
201502927,12
201502931,10
201502934,10
201502936,10
201502954,10
201502976,12
201502979,10
201502990,10
201502993,9
201503001,9
201503005,9
201503007,11
201503033,11
201503040,11
201503041,9
201503043,11
201503044,10
201503051,10
201503073,10
201503078,10
201503080,10
201503095,10
201503098,12
201503099,12
201503146,12
201503184,9
201503209,10
201503236,11
201503250,13
201503263,12
201503265,11
201503267,11
201503293,11
201503294,9
201503324,12
201503339,13
201513228,11
201513247,13
201513248,12
201513275,12
201513276,11
201513286,11
201513315,13
201513331,11
201513338,9
201513411,12
201513418,14
201513487,12
201513551,12
201513561,10
201516923,12
201580020,10
201580036,10
201580037,10
