200080030,7.5
200313601,9
200910572,11.25
200916076,13.5
201013517,14.55
201013765,15
201018707,15
201020026,14.55
201112192,11.25
201210553,13.35
201210617,11.25
201210629,14.55
201210665,10.5
201210672,14.55
201210680,14.62
201210740,11.62
201210758,14.62
201210772,11.25
201210823,10.35
201210912,13.12
201214713,15
201220212,14.55
201220265,14.55
201220380,4.5
201245563,10.2
201310522,14.55
201310523,15
201310526,11.85
201310541,7.5
201310551,9
201310562,13.88
201310564,14.25
201310566,14.85
201310567,13.13
201310568,11.85
201310571,11.85
201310575,13.13
201310594,13.88
201310596,14.55
201310599,10.88
201310612,9
201310613,7.5
201310614,14.62
201310621,10.35
201310624,10.5
201310629,11.63
201310630,14.55
201310639,13.5
201310648,14.25
201310654,13.35
201310657,15
201310667,14.85
201310669,11.7
201310670,14.55
201310673,13.05
201310676,14.55
201310682,9
201310687,15
201310688,11.7
201310697,9
201310699,9
201310700,14.25
201310703,14.55
201318179,13.13
201318211,14.55
201318215,14.85
201318218,14.55
201318284,12.38
201318347,12.38
201318376,10.35
201318470,15
201321724,13.88
201321729,13.88
201321734,10.35
201321740,13.5
201380007,14.85
201380027,13.13
201380041,14.55
