Canet,Nota
200722421,11
200916276,12
201112052,7
201117060,14
201210074,13
201210779,12
201220014,10
201220325,12
201310142,10
201310529,13
201310602,11
201310645,12
201310674,12
201310710,12
201315049,13
201318183,9
201318186,12
201318304,13
201321726,11
201321738,10
201321745,10
201321802,12
201322312,14
201330970,11
201345055,12
201400370,12
201400427,11
201400434,13
201400438,13
201400459,10
201400460,14
201400485,9
201400525,11
201400600,14
201400700,9
201400715,11
201407923,12
201407927,12
201407941,14
201407942,12
201407980,11
201408040,9
201408058,10
201408066,11
201408087,12
201408184,10
201408248,10
201411974,12
201480044,10
201501353,10
201502800,10
201502802,10
201502807,11
201502816,14
201502824,13
201502826,13
201502840,13
201502842,14
201502862,12
201502869,12
201502877,13
201502878,12
201502882,13
201502884,12
201502891,10
201502907,12
201502908,11
201502915,9
201502927,10
201502931,9
201502934,11
201502936,12
201502954,13
201502976,14
201502979,11
201502990,12
201502993,12
201503001,12
201503005,10
201503007,12
201503033,13
201503040,13
201503041,12
201503043,7
201503044,13
201503051,12
201503073,10
201503078,12
201503080,11
201503095,12
201503098,14
201503099,9
201503146,13
201503184,12
201503209,11
201503236,12
201503250,11
201503263,12
201503265,14
201503267,9
201503293,14
201503294,12
201503324,14
201503339,9
201513228,13
201513247,11
201513248,11
201513275,11
201513276,12
201513286,8
201513315,10
201513331,12
201513338,12
201513411,12
201513418,13
201513487,13
201513551,12
201513561,12
201516923,11
201580020,13
201580036,12
201580037,12
