200080030,8
200313601,0
200910572,6
200916076,8
201013517,8
201013765,8
201018707,8
201020026,8
201112192,6
201210553,6.5
201210617,6
201210629,8
201210665,6
201210672,8
201210680,6
201210740,6
201210758,6
201210772,0
201210823,6
201210912,6
201214713,8
201220212,6
201220265,8
201220380,0
201245563,9
201310522,8.5
201310523,8
201310526,9
201310541,9
201310551,8
201310562,8
201310564,9
201310566,9
201310567,7.5
201310568,9
201310571,9
201310575,7.5
201310594,8
201310596,6
201310599,8
201310612,9
201310613,9
201310614,6
201310621,6.5
201310624,8
201310629,7.5
201310630,6
201310639,8
201310648,9
201310654,6.5
201310657,8
201310667,9
201310669,9
201310670,6
201310673,8
201310676,8
201310682,9
201310687,8
201310688,9
201310697,9
201310699,9
201310700,9
201310703,6
201318179,7.5
201318211,8.5
201318215,9
201318218,8.5
201318284,8
201318347,8
201318376,6.5
201318470,8
201321724,8
201321729,8
201321734,6.5
201321740,8
201380007,9
201380027,7.5
201380041,8.5
