Carnet,Nota
200722421,4
200916276,1
201112052,1
201117060,4
201210074,4
201210779,2
201220014,3
201220325,4
201310142,2
201310529,4
201310602,2
201310645,3
201310674,4
201310710,4
201315049,1
201318183,4
201318186,1
201318304,4
201321726,4
201321738,2
201321745,2
201321802,3
201322312,3
201330970,4
201345055,3
201400370,2
201400427,2
201400434,2
201400438,4
201400459,1
201400460,3
201400485,2
201400525,4
201400600,2
201400700,2
201400715,3
201407923,4
201407927,3
201407941,2
201407942,4
201407980,4
201408040,2
201408058,4
201408066,3
201408087,2
201408184,1
201408248,1
201411974,3
201480044,1
201501353,4
201502800,1
201502802,4
201502807,3
201502816,3
201502824,4
201502826,2
201502840,1
201502842,3
201502862,3
201502869,5
201502877,4
201502878,3
201502882,3
201502884,3
201502891,3
201502907,3
201502908,4
201502915,4
201502927,3
201502931,4
201502934,2
201502936,4
201502954,4
201502976,5
201502979,4
201502990,4
201502993,5
201503001,4
201503005,4
201503007,4
201503033,4
201503040,5
201503041,4
201503043,2
201503044,4
201503051,4
201503073,2
201503078,3
201503080,2
201503095,4
201503098,4
201503099,1
201503146,2
201503184,2
201503209,3
201503236,1
201503250,1
201503263,3
201503265,2
201503267,3
201503293,2
201503294,3
201503324,5
201503339,2
201513228,4
201513247,3
201513248,4
201513275,3
201513276,4
201513286,2
201513315,4
201513331,4
201513338,4
201513411,3
201513418,3
201513487,1
201513551,3
201513561,3
201516923,2
201580020,4
201580036,2
201580037,4
