Carnet,Nota
200722421,3
200916276,4
201112052,4
201117060,0
201210074,3
201210779,0
201220014,3
201220325,2
201310142,4
201310529,3
201310602,2
201310645,3
201310674,2
201310710,2
201315049,3
201318183,2
201318186,0
201318304,2
201321726,2
201321738,3
201321745,2
201321802,3
201322312,3
201330970,4
201345055,3
201400370,3
201400427,2
201400434,3
201400438,0
201400459,3
201400460,0
201400485,4
201400525,3
201400600,3
201400700,3
201400715,3
201407923,3
201407927,0
201407941,3
201407942,4
201407980,3
201408040,4
201408058,3
201408066,2
201408087,3
201408184,3
201408248,3
201411974,4
201480044,3
201501353,4
201502800,4
201502802,3
201502807,4
201502816,3
201502824,3
201502826,4
201502840,4
201502842,3
201502862,4
201502869,3
201502877,4
201502878,4
201502882,4
201502884,3
201502891,3
201502907,3
201502908,4
201502915,4
201502927,3
201502931,4
201502934,2
201502936,3
201502954,2
201502976,3
201502979,4
201502990,4
201502993,3
201503001,3
201503005,3
201503007,3
201503033,4
201503040,4
201503041,3
201503043,4
201503044,2
201503051,4
201503073,4
201503078,4
201503080,4
201503095,4
201503098,3
201503099,3
201503146,4
201503184,3
201503209,3
201503236,3
201503250,3
201503263,3
201503265,4
201503267,4
201503293,4
201503294,3
201503324,3
201503339,4
201513228,4
201513247,4
201513248,4
201513275,3
201513276,3
201513286,3
201513315,4
201513331,4
201513338,3
201513411,3
201513418,4
201513487,4
201513551,3
201513561,4
201516923,4
201580020,4
201580036,4
201580037,4
