200722421,10
200916276,9
201112052,8
201117060,6
201210074,11
201210779,6
201220014,11
201220325,9
201310142,12
201310529,9
201310602,11
201310645,10
201310674,10
201310710,10
201315049,12
201318183,11
201318186,6
201318304,10
201321726,7
201321738,11
201321745,11
201321802,11
201322312,5
201330970,10
201345055,10
201400370,11
201400427,8
201400434,12
201400438,8
201400459,10
201400460,6
201400485,9
201400525,11
201400600,11
201400700,10
201400715,11
201407923,8
201407927,10
201407941,10
201407942,9
201407980,9
201408040,10
201408058,8
201408066,8
201408087,11
201408184,8
201408248,12
201411974,8
201480044,11
201501353,11
201502800,9
201502802,8
201502807,11
201502816,11
201502824,8
201502826,10
201502840,11
201502842,11
201502862,9
201502869,12
201502877,10
201502878,10
201502882,10
201502884,11
201502891,11
201502907,10
201502908,10
201502915,8
201502927,8
201502931,11
201502934,8
201502936,11
201502954,7
201502976,13
201502979,9
201502990,11
201502993,10
201503001,11
201503005,12
201503007,13
201503033,11
201503040,8
201503041,11
201503043,10
201503044,11
201503051,9
201503073,7
201503078,10
201503080,12
201503095,10
201503098,13
201503099,10
201503146,11
201503184,10
201503209,10
201503236,9
201503250,9
201503263,8
201503265,10
201503267,6
201503293,8
201503294,8
201503324,13
201503339,8
201513228,14
201513247,9
201513248,13
201513275,10
201513276,9
201513286,9
201513315,10
201513331,10
201513338,10
201513411,10
201513418,13
201513487,10
201513551,11
201513561,9
201516923,11
201580020,9
201580036,11
201580037,11
,
,
,
,
,
