9180015,15
200717835,9
200910790,14
200942698,10
201013480,10
201013758,14
201025011,12
201110186,12
201112330,10
201119229,9
201210405,13
201210540,13
201210552,15
201210639,11
201210670,13
201210764,7
201210779,-1
201210858,11
201210909,15
201214921,15
201220380,15
201310538,14
201310569,15
201310640,13
201310644,12
201310691,13
201310706,7
201310709,13
201310715,13
201315397,15
201318161,14
201318166,15
201318180,13
201318281,15
201318322,11
201318467,9
201321733,11
201321741,14
201321746,14
201321747,15
201321804,15
201322103,12
201400364,15
201400366,14
201400373,14
201400383,11
201400384,11
201400385,14
201400389,11
201400397,9
201400435,15
201400440,12
201400441,11
201400449,10
201400458,10
201400463,12
201400468,13
201400470,15
201400497,15
201400499,15
201400508,13
201400523,11
201400528,14
201400535,12
201400537,15
201400541,14
201400552,14
201400557,13
201400562,13
201400580,15
201400584,15
201400606,15
201400634,14
201400651,14
201400654,14
201400659,12
201400661,13
201400673,13
201400680,12
201400683,7
201400685,13
201400691,14
201400708,15
201400756,12
201400785,14
201400788,11
201407914,10
201407943,12
201407955,14
201407959,9
201407970,13
201407984,11
201407988,13
201408038,11
201413001,15
201413715,15
