9180015,10
200717835,5
200910790,10
200942698,10
201013480,10
201013758,10
201025011,10
201110186,10
201112330,10
201119229,5
201210405,4
201210540,10
201210552,10
201210639,10
201210670,0
201210764,10
201210779,0
201210858,10
201210909,10
201214921,5
201220380,10
201310538,10
201310569,10
201310640,4
201310644,4
201310691,5
201310706,4
201310709,10
201310715,10
201315397,0
201318161,10
201318166,10
201318180,10
201318281,10
201318322,5
201318467,10
201321733,10
201321741,5
201321746,5
201321747,5
201321804,4
201322103,5
201400364,10
201400366,10
201400373,5
201400383,5
201400384,10
201400385,10
201400389,10
201400397,4
201400435,5
201400440,10
201400441,10
201400449,10
201400458,10
201400463,10
201400468,10
201400470,10
201400497,5
201400499,10
201400508,10
201400523,10
201400528,10
201400535,0
201400537,5
201400541,10
201400552,10
201400557,5
201400562,5
201400580,10
201400584,5
201400606,10
201400634,5
201400651,5
201400654,5
201400659,0
201400661,5
201400673,10
201400680,5
201400683,5
201400685,10
201400691,10
201400708,10
201400756,10
201400785,5
201400788,10
201407914,10
201407943,10
201407955,10
201407959,5
201407970,5
201407984,10
201407988,5
201408038,10
201413001,10
201413715,10
