200080030,12.00
200313601,0.00
200910572,11.00
200916076,12.00
201013517,11.00
201013765,11.50
201018707,12.00
201020026,10.00
201112192,9.00
201210553,11.50
201210617,9.50
201210629,10.00
201210665,13.50
201210672,11.50
201210680,12.50
201210740,8.50
201210758,10.50
201210772,9.00
201210823,10.50
201210912,13.00
201214713,13.00
201220212,9.00
201220265,10.50
201220380,0.00
201245563,9.50
201310522,11.00
201310523,0.00
201310526,10.00
201310541,10.00
201310551,11.50
201310562,13.00
201310564,13.00
201310566,11.00
201310567,8.00
201310568,12.00
201310571,11.50
201310575,11.00
201310594,13.00
201310596,13.00
201310599,11.00
201310612,12.00
201310613,7.00
201310614,12.50
201310621,8.50
201310624,10.00
201310629,12.00
201310630,11.00
201310639,10.00
201310648,10.00
201310654,9.00
201310657,10.00
201310667,12.50
201310669,12.00
201310670,12.00
201310673,12.00
201310676,13.00
201310682,11.50
201310687,10.00
201310688,13.00
201310697,12.00
201310699,12.00
201310700,13.00
201310703,11.50
201318169,13.00
201318211,11.50
201318215,13.00
201318218,9.50
201318284,9.50
201318347,12.00
201318376,12.00
201318470,11.00
201321724,13.00
201321729,12.00
201321734,12.50
201321740,12.50
201380007,14.00
201380027,10.00
201380041,12.50
