8818125;69
9919107;69
200011847;69
200215903;70
200414065;72
200512358;71
200515232;65
200518107;66
200610616;76
200610621;68
200619755;59
200715463;73
200715528;71
200715765;73
200780043;72
200810495;73
200810590;74
200810599;68
200813109;74
200817640;70
200915823;72
200915854;77
200915988;67
200915995;71
200916096;70
200918192;73
200918196;74
200918257;70
200924182;70
201012302;63
201013353;72
201013442;73
201013475;78
201013477;74
201013479;76
201013591;74
201013609;67
201112041;68
201112094;64
201112131;69
201112136;68
201112170;67
201112194;72
201112200;67
201112233;65
201112241;65
201112274;69
201112278;73
201114635;76
201124099;68
201180038;66
201200754;71
201210405;75
201210557;66
201210563;70
201210565;70
201210602;69
201210650;77
201210675;74
201210681;71
201210695;76
201210702;72
201210706;58
201210709;69
201210710;70
201210715;73
201210718;74
201210739;71
201210742;74
201210756;68
201210773;72
201210778;75
201210783;76
201210794;75
201210834;73
201210882;72
201220328;76
201220335;73
201220354;68
201220425;70
201220445;73
201222437;67
201280028;74
