8816786,67
200012228,71
200210833,68
200210922,68
200410530,68
200515323,67
200516160,68
200610591,69
200610644,72
200715451,71
200715564,70
200715735,69
200715777,71
200718112,73
200810397,74
200810423,73
200810486,70
200810490,73
200810510,76
200810785,66
200810844,73
200817539,69
200910861,70
200915819,73
200915820,72
200915862,72
200915914,71
200915921,70
200915927,68
200915963,67
200915978,68
200916028,69
200916139,70
200916146,74
200916256,74
200918198,70
200918427,66
200980066,73
201012725,71
201013412,73
201013452,75
201013529,74
201013618,72
201013623,71
201013762,69
201013816,76
201021739,75
201112012,76
201112013,74
201112034,70
201112071,75
201112079,75
201112110,71
201112118,70
201112122,73
201112145,76
201112156,73
201112157,76
201112178,74
201112179,70
201112183,72
201112186,71
201112187,74
201112198,75
201112238,75
201112246,73
201112251,75
201112255,75
201112260,73
201112317,66
201112331,78
201112335,72
201118678,76
201119679,66
