198816786,10
200012228,7.6
200210833,6.9
200210922,8
200410530,6
200515323,8
200515323,9
200516160,10
200610591,9.5
200610644,8
200715451,7.4
200715564,9.5
200715735,7.2
200715777,7.8
200718112,8.3
200810397,6.6
200810423,8.5
200810476,7.1
200810486,8
200810490,0
200810510,8.5
200810785,9.5
200810844,6.5
200817539,9
200910861,6
200915819,7.6
200915820,9
200915914,7.8
200915921,7.7
200915927,6.8
200915963,9
200915978,7.5
200916028,9
200916146,9
200916189,9
200916256,8
200918198,9
200918427,9.5
200980066,7.4
201012725,9.5
201013412,6
201013452,8.5
201013529,7.6
201013618,10
201013623,8.5
201013762,10
201013816,7.7
201021739,7.3
201112012,8.3
201112013,6.5
201112034,0
201112071,8.8
201112079,6.1
201112110,7.8
201112118,0
201112122,0
201112145,0
201112156,7.6
201112157,0
201112178,7.4
201112179,0
201112183,9
201112186,10
201112187,9
201112198,8.3
201112238,0
201112246,0
201112251,8.6
201112255,0
201112260,0
201112317,9.5
201112331,7.3
201112335,7.1
201119678,0
201119679,7.7
