8816786,10
198818125,10
199919107,10
200011847,10
200215903,10
200410530,10
200414065,10
200512358,10
200515232,10
200610616,10
200619755,7
200715463,10
200715528,10
200715765,10
200780043,10
200810495,10
200810590,10
200813109,10
200817640,10
200915823,10
200915854,10
200915995,10
200916096,10
200918192,10
200918196,10
200918257,10
201013353,10
201013442,10
201013475,10
201013477,10
201013479,10
201013591,10
201013609,10
201112170,10
201112194,10
201112274,10
201112278,10
201114635,10
201119679,10
201210557,10
201210563,10
201210565,10
201210602,10
201210650,10
201210675,10
201210681,10
201210695,10
201210702,10
201210706,10
201210709,10
201210710,10
201210718,10
201210739,10
201210742,10
201210754,10
201210756,10
201210756,10
201210773,10
201210778,10
201210783,10
201210794,10
201210834,10
201210882,10
201210905,10
201220328,10
201220335,10
201220354,10
201220425,10
201220445,10
201280028,10
201322437,10
206610621,10
208810599,10
2005-16160,10
2005-18107,10
2009-15888,10
2009-24182,10
2010-12302,10
2011-12041,10
2011-12094,10
2011-12131,10
2011-12136,10
2011-12200,10
2011-12233,10
2011-12291,10
2011-24099,10
2011-80038,10
