198816786,8
200012228,8.8
200210833,8.7
200210922,7.8
200410530,8
200515323,6
200515323,6
200516160,7
200610591,9
200610644,8
200715451,4.7
200715564,9.5
200715735,7.4
200715777,7.5
200718112,8.5
200810397,4.7
200810423,10
200810476,8.1
200810486,9
200810490,0
200810510,8.6
200810785,10
200810844,9.5
200817539,9
200910861,4
200915819,8.2
200915820,9
200915914,7.7
200915921,8.3
200915927,7.7
200915963,9
200915978,6.5
200916028,9
200916146,8
200916189,9
200916256,9.1
200918198,0
200918427,5
200980066,7.3
201012725,9
201013412,9.2
201013452,9.4
201013529,8.7
201013618,10
201013623,8
201013762,9
201013816,8.7
201021739,7.7
201112012,9.7
201112013,8.8
201112034,0
201112071,9.2
201112079,7.6
201112110,9.2
201112118,0
201112122,0
201112145,0
201112156,6.9
201112157,0
201112178,6.2
201112179,0
201112183,9.3
201112186,7
201112187,10
201112198,9.5
201112238,0
201112246,0
201112251,9.3
201112255,0
201112260,0
201112317,7
201112331,9.2
201112335,9
201119678,0
201119679,4
