198816786,13.9
200012228,15.5
200210833,14
200210922,16.2
200410530,14.8
200515323,11.8
200515323,16.4
200516160,12.5
200610591,16
200610644,16.6
200715451,15.2
200715564,16.4
200715735,16.7
200715777,15.2
200718112,14.9
200810397,16.9
200810423,14.3
200810476,17.3
200810486,15.6
200810490,0
200810510,15.5
200810785,14.8
200810844,16.9
200817539,15.1
200910861,16.3
200915819,17.2
200915820,15.3
200915914,16.6
200915921,14.7
200915927,16.6
200915963,13.3
200915978,16.6
200916028,16.6
200916146,16.9
200916189,17
200916256,15.8
200918198,16.9
200918427,15.7
200980066,17
201012725,15.7
201013412,17.4
201013452,15.9
201013529,18.5
201013618,14
201013623,17.3
201013762,16.5
201013816,15.3
201021739,17.6
201112012,16.5
201112013,17.3
201112034,0
201112071,16.9
201112079,15.1
201112110,16.2
201112118,0
201112122,0
201112145,0
201112156,15.2
201112157,0
201112178,15.2
201112179,0
201112183,16.9
201112186,16.3
201112187,17.4
201112198,16.4
201112238,0
201112246,0
201112251,17.1
201112255,0
201112260,0
201112317,17
201112331,13.4
201112335,17.4
201119678,0
201119679,14
