8816786,20
198818125,20
199919107,20
200011847,20
200215903,20
200410530,20
200414065,20
200512358,20
200515232,20
200610616,20
200619755,10
200715463,20
200715528,20
200715765,20
200780043,20
200810495,20
200810590,20
200813109,20
200817640,20
200915823,20
200915854,20
200915995,20
200916096,20
200918192,20
200918196,20
200918257,20
201013353,20
201013442,20
201013475,20
201013477,20
201013479,20
201013591,20
201013609,20
201112170,20
201112194,20
201112274,20
201112278,20
201114635,20
201119679,20
201210557,20
201210563,20
201210565,20
201210602,20
201210650,20
201210675,10
201210681,20
201210695,20
201210702,20
201210706,20
201210709,20
201210710,20
201210718,20
201210739,20
201210742,20
201210754,20
201210756,20
201210756,20
201210773,20
201210778,20
201210783,20
201210794,20
201210834,20
201210882,20
201210905,20
201220328,20
201220335,20
201220354,20
201220425,20
201220445,20
201280028,20
201322437,20
206610621,20
208810599,20
2005-16160,20
2005-18107,20
2009-15888,20
2009-24182,20
2010-12302,20
2011-12041,20
2011-12094,20
2011-12131,20
2011-12136,20
2011-12200,20
2011-12233,20
2011-12291,20
2011-24099,20
2011-80038,20
