8816786,13
198818125,11
199919107,14
200011847,13
200215903,11
200410530,13
200414065,17
200512358,9
200515232,11
200610616,18
200619755,9
200715463,9
200715528,13
200715765,14
200780043,19
200810495,11
200810590,8
200813109,15
200817640,12
200915823,15
200915854,16
200915995,10
200916096,11
200918192,9
200918196,10
200918257,12
201013353,13
201013442,16
201013475,14
201013477,5
201013479,9
201013591,16
201013609,11
201112170,8
201112194,12
201112274,9
201112278,15
201114635,17
201119679,16
201210557,7
201210563,15
201210565,6
201210602,15
201210650,10
201210675,10
201210681,9
201210695,11
201210702,13
201210706,13
201210709,7
201210710,12
201210718,16
201210739,6
201210742,6
201210754,13
201210756,15
201210756,10
201210773,15
201210778,5
201210783,9
201210794,16
201210834,16
201210882,17
201210905,17
201220328,17
201220335,15
201220354,12
201220425,16
201220445,17
201280028,18
201322437,10
206610621,7
208810599,11
2005-16160,10
2005-18107,15
2009-15888,15
2009-24182,16
2010-12302,14
2011-12041,16
2011-12094,16
2011-12131,13
2011-12136,14
2011-12200,16
2011-12233,12
2011-12291,16
2011-24099,11
2011-80038,14
