198816786,10.2
200012228,14.0
200210833,18.6
200210922,13.2
200410530,6.6
200515323,15.2
200515323,12.0
200516160,12.0
200610591,16.0
200610644,7.4
200715451,15.5
200715564,16.0
200715735,17.1
200715777,16.5
200718112,14.1
200810397,18.9
200810423,15.0
200810476,16.8
200810486,14.0
200810490,0.0
200810510,17.1
200810785,14.0
200810844,19.5
200817539,13.4
200910861,18.7
200915819,16.6
200915820,19.0
200915914,19.5
200915921,17.4
200915927,11.5
200915963,13.6
200915978,17.7
200916028,16.5
200916146,13.0
200916189,15.6
200916256,18.9
200918198,13.2
200918427,13.0
200980066,14.3
201012725,17.0
201013412,16.9
201013452,17.5
201013529,16.8
201013618,16.0
201013623,18.1
201013762,17.6
201013816,17.6
201021739,14.0
201112012,20.0
201112013,18.7
201112034,0.0
201112071,16.6
201112079,15.0
201112110,19.5
201112118,0.0
201112122,0.0
201112145,0.0
201112156,19.0
201112157,0.0
201112178,18.3
201112179,0.0
201112183,18.5
201112186,13.0
201112187,19.0
201112198,17.2
201112238,0.0
201112246,0.0
201112251,19.2
201112255,0.0
201112260,0.0
201112317,16.0
201112331,17.5
201112335,19.8
201119678,0.0
201119679,14.6
