8816786,14
198818125,19
199919107,8
200011847,18
200215903,12
200410530,17
200414065,11
200512358,17
200515232,11
200610616,13
200619755,14
200715463,12
200715528,8
200715765,5
200780043,20
200810495,11
200810590,17
200813109,11
200817640,18
200915823,14
200915854,17
200915995,13
200916096,13
200918192,7
200918196,9
200918257,18
201013353,13
201013442,20
201013475,17
201013477,20
201013479,15
201013591,13
201013609,17
201112170,15
201112194,14
201112274,15
201112278,20
201114635,20
201119679,20
201210557,15
201210563,15
201210565,13
201210602,19
201210650,20
201210675,20
201210681,16
201210695,20
201210702,15
201210706,19
201210709,19
201210710,19
201210718,8
201210739,13
201210742,20
201210754,18
201210756,18
201210756,16
201210773,18
201210778,11
201210783,20
201210794,20
201210834,20
201210882,19
201210905,8
201220328,20
201220335,12
201220354,20
201220425,19
201220445,13
201280028,20
201322437,17
206610621,17
208810599,17
2005-16160,16
2005-18107,18
2009-15888,17
2009-24182,14
2010-12302,16
2011-12041,14
2011-12094,15
2011-12131,15
2011-12136,17
2011-12200,16
2011-12233,15
2011-12291,15
2011-24099,16
2011-80038,16
