198816786,8.6
200012228,8.8
200210833,9.8
200210922,14.4
200410530,14.9
200515323,13.1
200515323,13.1
200516160,5.6
200610591,10.8
200610644,12.8
200715451,12.6
200715564,16.2
200715735,11.6
200715777,9.5
200718112,18.8
200810397,10.6
200810423,8.7
200810476,16.0
200810486,13.8
200810490,16.3
200810510,14.2
200810785,11.1
200810844,17.3
200817539,10.6
200910861,10.8
200915819,13.8
200915820,8.4
200915914,15.3
200915921,14.4
200915927,14.6
200915963,14.5
200915978,13.8
200916028,15.5
200916146,15.9
200916189,12.6
200916256,14.0
200918198,14.3
200918427,15.7
200980066,17.1
201012725,13.7
201013412,15.6
201013452,13.6
201013529,17.3
201013618,16.0
201013623,15.6
201013762,14.3
201013816,13.9
201021739,15.9
201112012,14.8
201112013,13.9
201112034,11.8
201112071,16.9
201112079,12.3
201112110,13.5
201112118,16.0
201112122,12.3
201112145,17.6
201112156,17.5
201112157,15.1
201112178,14.3
201112179,14.7
201112183,10.7
201112186,13.6
201112187,17.6
201112198,17.9
201112238,16.8
201112246,15.8
201112251,15.5
201112255,16.9
201112260,14.8
201112317,13.7
201112331,17.2
201112335,10.4
201119678,15.3
201119679,10.7
