Carnet;Nota
200910593;19
201014309;39
201024773;39
201124129;0
201310638;20
201315441;33.24
201318458;19
201400850;30
201503000;21
201512441;24
201517011;17
201517079;28
201600375;24
201601951;40
201603463;40
201603535;23
201607215;30
201612316;40
201612496;40
201617082;35.24
201642102;32
201703180;40
201703181;32
201703182;40
201703183;30
201703185;23
201703187;23
201703188;34.24
201703189;23
201703190;32
201703191;21
201703192;40
201703193;35.24
201703194;0
201703195;35.24
201703196;40
201703197;40
201703198;24
201703199;22
201703201;30
201703202;30
201703203;28
201703204;38
201703205;40
201703207;30
201703209;30
201703210;26
201703211;23
201703213;40
201703214;40
201703215;20
201703216;16
201703217;35.24
201703220;13.5
201703222;30
201703223;20
201703224;40
201703225;26
201703226;40
201703228;22
201703231;35.24
201703233;28
201703234;22
201703235;30
201703238;40
201703239;24
201703240;40
201703243;30
201703246;22
201703249;20
201703255;28
201703256;22
201703288;22
201703292;30
201703305;26
201703306;30
201703314;20
201703316;32
201703325;22
201703328;22
201703334;35
201703339;22
201703340;22
201703344;28
201703360;28
201703365;32
201703394;28
201703400;28
201703407;20
201703408;40
201703409;24
201703412;23
201703414;35.24
201703416;40
201703420;40
201703423;28
201703424;30
201703426;30
201703428;39
201703430;30
201703433;25.24
201703441;30
201703442;30
201703449;40
201703467;40
201703469;20
201703478;39
201703483;38
201703491;34.24
201703492;23
201703495;30
201703497;30
201703503;26
201703508;21
201703511;37
201703516;34.24
201703521;28
201703531;26
201703532;40
201703537;30
201703540;26
201703545;40
201703556;22
201703586;32
201703587;40
201703618;26
201703621;29
201703627;0
201703648;22
201703673;23
201703691;23
201708409;23
201708423;32
201708426;26
201708486;30
201708509;26
201708539;40
201708542;25
201708572;20
201708578;28
201708634;35.24
201713540;35.24
201780023;38
201780041;28
201780048;28
