CARNÉ,TOTAL
200810395,32.90
201018868,27.00
201110486,39.00
201115035,29.40
201119372,19.00
201230073,23.00
201322543,0.00
201404665,21.00
201407565,33.40
201430945,27.90
201431578,38.50
201503087,15.00
201503323,21.00
201512721,40.00
201513211,33.40
201513358,40.00
201513467,19.00
201513804,28.00
201515481,19.00
201517011,12.30
201603309,22.00
201603318,33.90
201603320,30.00
201603327,38.50
201603330,33.40
201603371,30.00
201603373,27.00
201603374,30.00
201603375,33.00
201603378,39.50
201603384,40.00
201603417,33.40
201603418,38.50
201603419,20.00
201603437,28.00
201603438,39.50
201603441,40.00
201603450,20.00
201603472,34.40
201603480,38.50
201603483,40.00
201603489,34.90
201603490,19.00
201603493,24.00
201603506,38.50
201603509,33.00
201603510,38.50
201603511,23.00
201603513,19.00
201603517,40.00
201603523,22.00
201603524,23.30
201603531,34.40
201603532,40.00
201603543,22.00
201603545,40.00
201603548,32.00
201603555,20.00
201603568,28.30
201603570,39.00
201603574,19.00
201603578,26.00
201603589,34.90
201603591,26.00
201603610,34.90
201603613,30.00
201603635,28.00
201603637,19.00
201603685,34.90
201603713,21.00
201603717,24.00
201603720,21.00
201603727,23.30
201603738,29.00
201603750,39.00
201603791,20.00
201603814,39.00
201603819,23.30
201610725,40.00
201610816,19.00
201610840,34.90
201610852,27.00
201610853,40.00
201610855,19.00
201610883,34.90
201610903,31.30
201610904,24.90
201610933,31.00
201610971,33.00
201610984,40.00
201611025,22.00
201611085,29.60
201611217,19.00
201611248,31.00
201611263,38.00
201616798,38.50
201616799,32.90
201616801,38.50
201616802,25.00
201616839,33.90
201616869,19.00
201616983,21.00
201616993,19.90
201617082,16.60
201680025,32.90
201680043,23.00
201680044,32.00
