Carnet,ZONA (70)
9610512,46
199910871,46
200611665,56
200722421,48
201210074,70
201220014,43
201310142,53
201310625,63
201310638,0
201322543,48
201330970,46
201340439,63
201345055,46
201400465,36
201404402,63
201407942,43
201408075,46
201408184,54
201408747,43
201411974,49
201501353,64
201502799,70
201502800,43
201502802,56
201502807,66
201502813,60
201502816,70
201502824,46
201502826,43
201502831,49
201502837,36
201502840,56
201502842,56
201502852,46
201502862,53
201502866,45
201502869,60
201502872,49
201502877,46
201502878,56
201502882,46
201502884,43
201502885,46
201502887,63
201502891,49
201502895,46
201502904,53
201502907,56
201502908,53
201502915,65
201502920,37
201502927,53
201502931,49
201502934,61
201502936,43
201502954,49
201502969,53
201502975,49
201502976,63
201502979,46
201502990,43
201502993,43
201503001,43
201503005,60
201503007,65
201503008,56
201503033,63
201503040,62
201503041,46
201503043,63
201503044,43
201503051,67
201503071,55
201503072,43
201503073,46
201503078,56
201503080,43
201503087,0
201503095,43
201503098,46
201503099,67
201503120,43
201503146,56
201503175,69
201503184,43
201503209,46
201503236,46
201503245,44
201503250,63
201503251,53
201503263,60
201503265,56
201503267,62
201503271,46
201503293,56
201503294,66
201503323,32
201503324,53
201503334,43
201503339,69
201503348,46
201503359,59
201513211,46
201513228,65
201513238,57
201513240,43
201513241,59
201513247,64
201513248,43
201513275,56
201513276,43
201513286,61
201513315,49
201513331,43
201513332,49
201513338,49
201513341,43
201513372,43
201513376,43
201513411,46
201513418,43
201513467,0
201513468,46
201513483,38
201513487,67
201513551,60
201513561,70
201516851,56
201516923,60
201516986,51
201517011,38
201580020,51
201580036,59
201580037,53
