Carnet;Nota
200910593;6
201014309;8
201024773;15
201124129;0
201310638;10
201315441;11
201318458;6
201400850;10
201503000;7
201512441;7
201517011;8
201517079;15
201600375;10
201601951;8
201603463;15
201603535;7
201607215;15
201612316;15
201612496;15
201642102;12
201703180;15
201703181;10
201703182;14
201703183;10
201703185;6
201703187;7
201703188;13
201703189;7
201703190;11
201703191;5
201703192;15
201703193;9
201703194;0
201703195;15
201703196;15
201703197;14
201703198;8
201703199;6
201703201;11
201703202;12
201703203;9
201703204;12
201703205;15
201703207;10
201703209;11
201703210;9
201703211;7
201703213;15
201703214;15
201703215;8
201703216;9
201703217;1
201703220;11
201703222;11
201703223;8
201703224;15
201703225;11
201703226;10
201703228;6
201703231;15
201703233;10
201703234;7
201703235;11
201703238;15
201703239;7
201703240;15
201703243;11
201703246;8
201703249;6
201703255;0
201703256;6
201703288;6
201703292;11
201703305;8
201703306;12
201703314;6
201703316;11
201703325;7
201703328;8
201703334;3
201703339;7
201703340;7
201703344;9
201703360;10
201703365;11
201703394;10
201703400;12
201703407;7
201703408;15
201703409;7
201703412;7
201703414;14
201703416;15
201703420;6
201703423;10
201703424;11
201703426;10
201703428;15
201703430;11
201703433;10
201703441;11
201703442;11
201703449;14
201703467;15
201703469;6
201703478;15
201703483;15
201703491;5
201703492;7
201703495;10
201703497;12
201703503;9
201703508;6
201703511;9
201703516;14
201703521;10
201703531;9
201703532;15
201703537;13
201703540;9
201703545;14
201703556;7
201703586;10
201703587;12
201703618;10
201703621;15
201703627;0
201703648;7
201703673;7
201703691;7
201708409;12
201708423;15
201708426;11
201708486;14
201708509;11
201708539;14
201708542;11
201708572;6
201708578;10
201708634;15
201780023;14
201780041;9
