CARNET;NOTA
200910593;6
201014309;7
201024773;15
201124129;0
201310638;11
201315441;13
201318458;6
201400850;10
201503000;7
201512441;5
201517011;8
201517079;12
201600375;11
201601951;14
201603463;15
201603535;7
201607215;15
201612316;15
201612496;15
201617082;13
201642102;10
201703180;15
201703181;11
201703182;14
201703183;11
201703185;6
201703187;7
201703188;12
201703189;7
201703190;10
201703191;5
201703192;15
201703193;15
201703194;0
201703195;14
201703196;15
201703197;14
201703198;8
201703199;7
201703201;11
201703202;11
201703203;10
201703204;11
201703205;15
201703207;10
201703209;10
201703210;8
201703211;7
201703213;15
201703214;12
201703215;9
201703216;9
201703217;11
201703220;14
201703222;10
201703223;8
201703224;13
201703225;10
201703226;14
201703228;6
201703231;14
201703233;11
201703234;7
201703235;12
201703238;15
201703239;7
201703240;11
201703243;10
201703246;7
201703249;6
201703255;0
201703256;7
201703288;6
201703292;12
201703305;8
201703306;11
201703314;6
201703316;11
201703325;6
201703328;5
201703334;14
201703339;7
201703340;7
201703344;9
201703360;9
201703365;11
201703394;9
201703400;13
201703407;8
201703408;15
201703409;7
201703412;7
201703414;13
201703416;15
201703420;13
201703423;9
201703424;12
201703426;10
201703428;10
201703430;11
201703433;13
201703441;12
201703442;10
201703449;13
201703467;15
201703469;5
201703478;15
201703483;15
201703491;11
201703492;7
201703495;10
201703497;11
201703503;9
201703508;6
201703511;9
201703516;12
201703521;9
201703531;9
201703532;15
201703537;10
201703540;9
201703545;14
201703556;6
201703586;10
201703587;11
201703618;9
201703621;13
201703627;0
201703648;8
201703673;6
201703691;6
201708409;12
201708423;15
201708426;10
201708486;10
201708509;10
201708539;12
201708542;10
201708572;5
201708578;9
201708634;14
201713540;7
201780023;14
201780041;10
201780048;8
