Carné,Nota
200810395,0
201018868,20
201110486,16
201115035,24
201119372,34
201119731,0
201404665,16
201407565,25
201407948,16
201407958,38
201408142,39
201430945,28
201431578,39
201502837,37
201502895,16
201503323,0
201512721,33
201513211,34
201513358,33
201513467,7
201513804,20
201515481,38
201516986,27
201603309,38
201603318,38
201603320,20
201603327,34
201603330,39
201603371,38
201603373,40
201603374,30
201603375,40
201603378,30
201603384,19
201603417,33
201603418,17
201603419,23
201603437,20
201603438,28
201603441,34
201603450,40
201603472,19
201603480,39
201603483,40
201603489,40
201603490,18
201603493,40
201603506,40
201603509,40
201603510,33
201603513,38
201603517,39
201603523,21
201603524,28
201603531,21
201603532,19
201603543,17
201603545,40
201603548,38
201603555,30
201603568,22
201603570,40
201603574,30
201603578,18
201603589,30
201603610,38
201603613,38
201603635,30
201603637,33
201603685,38.6
201603713,25
201603717,38
201603720,38
201603727,29
201603738,37
201603750,25
201603814,38
201603819,32
201610725,40
201610816,38
201610840,38
201610852,33
201610853,37
201610855,40
201610883,37
201610903,38
201610904,33
201610933,39
201610971,17
201610984,17
201611025,32
201611085,11.5
201611217,25
201611248,38
201611263,32
201616798,38
201616799,40
201616801,0
201616802,40
201616839,38
201616869,17
201616983,20
201616993,32
201680025,40
201680043,38
201680044,30
