carnet,zona
200611665,54.6
201210074,47.6
201220014,51.1
201310142,51.1
201310625,54.6
201310641,51
201318155,31
201321823,58
201330970,47.6
201340439,67
201345055,58
201400524,51
201400664,47
201400686,0
201400711,50
201400787,66
201404042,58.8
201407929,44
201407942,53.2
201407948,0
201407958,0
201408040,51.1
201408075,43.4
201408142,32
201408184,42.7
201408747,47.6
201411974,46.9
201413685,41
201415299,53.5
201501353,56.5
201502799,70
201502800,58.1
201502802,46.9
201502807,42.7
201502813,67.2
201502816,65.8
201502824,52.5
201502826,56.5
201502831,63.8
201502840,50.4
201502842,68.6
201502852,45.5
201502862,42.7
201502866,49
201502869,65
201502872,57
201502877,49
201502878,42.7
201502882,42.7
201502884,63
201502885,47
201502887,59.5
201502891,42.7
201502895,33.75
201502907,51.8
201502908,63
201502915,49.7
201502927,44.8
201502931,0
201502934,51.8
201502936,53.9
201502954,58
201502970,67
201502975,55.3
201502976,67.9
201502979,50.4
201502990,61.6
201502993,65
201503001,0
201503005,63
201503007,62.5
201503008,70
201503033,62.5
201503040,56
201503041,44.8
201503043,42.7
201503044,60.9
201503051,63
201503071,43.5
201503072,64.5
201503073,52
201503078,47.6
201503080,65
201503095,52.8
201503098,65.1
201503099,56
201503120,49.7
201503146,42.7
201503175,35
201503184,42.7
201503209,48.3
201503236,60.9
201503245,38
201503250,55.3
201503251,56
201503263,49
201503265,51.1
201503267,60
201503271,42.7
201503293,53.9
201503294,62.5
201503324,49.7
201503334,70
201503339,51.1
201503348,47.6
201503359,21
201513228,42.7
201513238,45.5
201513240,52
201513241,50
201513247,57.4
201513248,49.7
201513275,52.5
201513276,52.5
201513286,42.7
201513315,51.1
201513331,60.5
201513338,65
201513341,69.5
201513372,57
201513376,42.7
201513411,68
201513418,58.8
201513468,47.6
201513483,56
201513487,62.3
201513551,49
201513561,63
201516851,42.7
201516923,63
201516986,48.5
201580020,42.7
201580036,40.5
201580037,65.5
