Carné,Nota
200810395,0
201018868,10
201110486,8
201115035,12
201119372,15
201119731,0
201404665,8
201407565,12
201407948,7
201407958,11
201408142,7.5
201430945,12.5
201431578,12
201502837,7
201502895,9
201503323,0
201512721,12.5
201513211,7.5
201513358,15
201513467,0
201513804,10
201515481,13.5
201516986,13.5
201603309,10
201603318,12
201603320,8
201603327,10.5
201603330,0
201603371,10.5
201603373,12
201603374,10
201603375,15
201603378,15
201603384,8
201603417,12
201603418,7
201603419,15
201603437,10
201603438,8.5
201603441,11
201603450,15
201603472,7
201603480,12
201603483,13
201603489,13
201603490,8
201603493,12.5
201603506,12
201603509,15
201603510,15
201603513,13.5
201603517,12.5
201603523,12
201603524,10
201603531,11
201603532,7
201603543,7
201603545,11
201603548,15
201603555,10
201603568,10
201603570,15
201603574,15
201603578,7
201603589,15
201603610,12.5
201603613,10.5
201603635,14
201603637,11
201603685,13
201603713,15
201603717,14.5
201603720,12.5
201603727,13
201603738,13
201603750,15
201603814,12
201603819,10.5
201610725,15
201610816,15
201610840,13.5
201610852,15
201610853,14
201610855,14
201610883,9.5
201610903,10.5
201610904,10.5
201610933,15
201610971,7
201610984,8
201611025,14.5
201611085,10.5
201611217,10
201611248,13.5
201611263,9.5
201616798,8
201616799,9.5
201616801,0
201616802,15
201616839,13.5
201616869,7
201616983,9
201616993,9.5
201680025,9.5
201680043,13.5
201680044,10
