CARNET,NOTA 
200810395,0
201119372,15
201119731,0
201407565,9.5
201407958,15
201408142,7
201430945,13
201431578,14.5
201502837,11
201503323,0
201512721,15
201513211,15
201513467,0
201515481,9
201516986,15
201603309,14
201603318,15
201603327,11
201603330,11
201603371,9
201603373,12
201603417,14.5
201603438,12
201603441,15
201603480,15
201603483,15
201603489,15
201603493,15
201603506,14
201603513,15
201603517,14
201603545,15
201603548,15
201603568,1.5
201603610,14
201603613,8.5
201603635,12
201603637,14.5
201603685,15
201603717,12.5
201603720,15
201603727,12.5
201603738,9.5
201603814,14
201603819,15
201610725,14.5
201610816,14.5
201610840,14.5
201610852,15
201610853,10
201610855,10.5
201610883,15
201610903,12.5
201610904,8.5
201610933,14.5
201611025,13
201611085,9
201611248,13.5
201611263,14
201616798,14.5
201616799,2
201616801,0
201616802,15
201616839,10
201616993,7
201680025,14.5
201680043,15
