Carnet,Final
200012228,20
200210833,20
200210922,20
200515323,20
200610591,20
200610644,20
200715451,20
200715564,20
200715735,20
200715777,20
200718112,20
200810397,20
200810423,20
200810476,20
200810486,20
200810490,20
200810510,20
200810785,20
200810844,20
200817539,20
200910861,20
200915819,20
200915820,20
200915862,20
200915914,20
200915921,20
200915927,20
200915963,20
200915978,20
200916028,20
200916146,20
200916189,20
200916256,20
200918198,20
200918427,20
200980066,20
201012725,20
201013412,20
201013452,20
201013529,20
201013618,20
201013623,20
201013762,20
201013816,20
201021739,20
201112012,20
201112013,20
201112034,20
201112071,20
201112079,20
201112110,20
201112118,20
201112122,20
201112145,20
201112156,20
201112157,20
201112178,20
201112179,20
201112183,20
201112186,20
201112187,20
201112198,20
201112238,20
201112246,20
201112251,20
201112255,20
201112260,20
201112317,20
201112331,20
201112335,20
201119678,20
